-250	5.00	0.00
-250	61.12	0.00
-250	117.25	0.00
-250	173.37	0.00
-250	229.49	0.00
-250	285.62	0.00
-250	341.74	0.00
-250	397.87	0.00
-250	453.99	-1.57
-250	510.11	-14.44
-250	566.24	-30.96
-250	622.36	-47.05
-250	678.48	-62.80
-250	734.61	-78.19
-250	790.73	-93.15
-250	846.85	-107.85
-250	902.98	-122.11
-250	959.10	-135.94
-250	1015.22	-149.51
-250	1071.35	-162.64
-250	1127.47	-175.52
-250	1183.60	-188.13
-250	1239.72	-200.39
-250	1295.84	-212.39
-250	1351.97	-224.13
-250	1408.09	-235.62
-250	1464.21	-246.92
-250	1520.34	-257.97
-250	1576.46	-268.84
-250	1632.58	-279.54
-250	1688.71	-290.15
-250	1744.83	-300.50
-250	1800.96	-310.76
-250	1857.08	-320.85
-250	1913.20	-330.77
-250	1969.33	-340.68
-250	2025.45	-350.42
-250	2081.57	-359.99
-250	2137.70	-369.56
-250	2193.82	-378.95
-250	2249.94	-388.34
-250	2306.07	-397.56
-250	2362.19	-406.78
-250	2418.31	-415.83
-250	2474.44	-424.87
-250	2530.56	-433.83
-250	2586.69	-442.79
-250	2642.81	-451.57
-250	2698.93	-460.36
-250	2755.06	-469.14
-250	2811.18	-477.84
-250	2867.30	-486.45
-250	2923.43	-495.06
-250	2979.55	-503.59
-250	3035.67	-512.11
-250	3091.80	-520.55
-250	3147.92	-528.98
-250	3204.04	-537.42
-250	3260.17	-545.77
-250	3316.29	-554.12
-250	3372.42	-562.47
-250	3428.54	-570.73
-250	3484.66	-578.99
-250	3540.79	-587.17
-250	3596.91	-595.43
-250	3653.03	-603.61
-250	3709.16	-611.78
-250	3765.28	-619.87
-250	3821.40	-627.96
-250	3877.53	-636.14
-250	3933.65	-644.22
-250	3989.78	-652.23
-250	4045.90	-660.31
-250	4102.02	-668.32
-250	4158.15	-676.32
-250	4214.27	-684.32
-250	4270.39	-692.32
-250	4326.52	-700.24
-250	4382.64	-708.24
-250	4438.76	-716.24
-250	4494.89	-724.15
-250	4551.01	-732.07
-250	4607.13	-739.98
-250	4663.26	-747.90
-250	4719.38	-755.73
-250	4775.51	-763.64
-250	4831.63	-771.47
-250	4887.75	-779.38
-250	4943.88	-787.21
-250	5000.00	-795.04
-245	5.00	0.00
-245	61.12	0.00
-245	117.25	0.00
-245	173.37	0.00
-245	229.49	0.00
-245	285.62	0.00
-245	341.74	0.00
-245	397.87	0.00
-245	453.99	-2.26
-245	510.11	-16.53
-245	566.24	-33.05
-245	622.36	-49.31
-245	678.48	-65.32
-245	734.61	-80.89
-245	790.73	-96.11
-245	846.85	-110.98
-245	902.98	-125.42
-245	959.10	-139.51
-245	1015.22	-153.16
-245	1071.35	-166.56
-245	1127.47	-179.60
-245	1183.60	-192.30
-245	1239.72	-204.74
-245	1295.84	-216.92
-245	1351.97	-228.83
-245	1408.09	-240.57
-245	1464.21	-252.05
-245	1520.34	-263.27
-245	1576.46	-274.41
-245	1632.58	-285.28
-245	1688.71	-295.98
-245	1744.83	-306.59
-245	1800.96	-317.02
-245	1857.08	-327.29
-245	1913.20	-337.46
-245	1969.33	-347.47
-245	2025.45	-357.38
-245	2081.57	-367.21
-245	2137.70	-376.95
-245	2193.82	-386.60
-245	2249.94	-396.17
-245	2306.07	-405.56
-245	2362.19	-414.96
-245	2418.31	-424.26
-245	2474.44	-433.57
-245	2530.56	-442.70
-245	2586.69	-451.84
-245	2642.81	-460.88
-245	2698.93	-469.93
-245	2755.06	-478.88
-245	2811.18	-487.76
-245	2867.30	-496.63
-245	2923.43	-505.41
-245	2979.55	-514.20
-245	3035.67	-522.89
-245	3091.80	-531.59
-245	3147.92	-540.29
-245	3204.04	-548.90
-245	3260.17	-557.51
-245	3316.29	-566.03
-245	3372.42	-574.64
-245	3428.54	-583.08
-245	3484.66	-591.60
-245	3540.79	-600.04
-245	3596.91	-608.48
-245	3653.03	-616.91
-245	3709.16	-625.35
-245	3765.28	-633.70
-245	3821.40	-642.05
-245	3877.53	-650.40
-245	3933.65	-658.66
-245	3989.78	-667.01
-245	4045.90	-675.27
-245	4102.02	-683.54
-245	4158.15	-691.80
-245	4214.27	-700.06
-245	4270.39	-708.24
-245	4326.52	-716.50
-245	4382.64	-724.68
-245	4438.76	-732.85
-245	4494.89	-741.03
-245	4551.01	-749.20
-245	4607.13	-757.38
-245	4663.26	-765.55
-245	4719.38	-773.64
-245	4775.51	-781.73
-245	4831.63	-789.91
-245	4887.75	-798.00
-245	4943.88	-806.09
-245	5000.00	-814.17
-240	5.00	0.00
-240	61.12	0.00
-240	117.25	0.00
-240	173.37	0.00
-240	229.49	0.00
-240	285.62	0.00
-240	341.74	0.00
-240	397.87	0.00
-240	453.99	-3.22
-240	510.11	-18.44
-240	566.24	-35.22
-240	622.36	-51.75
-240	678.48	-67.93
-240	734.61	-83.76
-240	790.73	-99.15
-240	846.85	-114.20
-240	902.98	-128.81
-240	959.10	-143.07
-240	1015.22	-156.99
-240	1071.35	-170.56
-240	1127.47	-183.78
-240	1183.60	-196.74
-240	1239.72	-209.35
-240	1295.84	-221.70
-240	1351.97	-233.79
-240	1408.09	-245.70
-240	1464.21	-257.36
-240	1520.34	-268.84
-240	1576.46	-280.06
-240	1632.58	-291.19
-240	1688.71	-302.06
-240	1744.83	-312.85
-240	1800.96	-323.46
-240	1857.08	-333.98
-240	1913.20	-344.33
-240	1969.33	-354.60
-240	2025.45	-364.69
-240	2081.57	-374.69
-240	2137.70	-384.69
-240	2193.82	-394.52
-240	2249.94	-404.26
-240	2306.07	-413.91
-240	2362.19	-423.57
-240	2418.31	-433.05
-240	2474.44	-442.53
-240	2530.56	-451.92
-240	2586.69	-461.23
-240	2642.81	-470.54
-240	2698.93	-479.75
-240	2755.06	-488.97
-240	2811.18	-498.11
-240	2867.30	-507.15
-240	2923.43	-516.20
-240	2979.55	-525.24
-240	3035.67	-534.20
-240	3091.80	-543.07
-240	3147.92	-552.03
-240	3204.04	-560.90
-240	3260.17	-569.69
-240	3316.29	-578.47
-240	3372.42	-587.26
-240	3428.54	-596.04
-240	3484.66	-604.74
-240	3540.79	-613.44
-240	3596.91	-622.13
-240	3653.03	-630.83
-240	3709.16	-639.44
-240	3765.28	-648.05
-240	3821.40	-656.66
-240	3877.53	-665.19
-240	3933.65	-673.80
-240	3989.78	-682.32
-240	4045.90	-690.84
-240	4102.02	-699.37
-240	4158.15	-707.89
-240	4214.27	-716.41
-240	4270.39	-724.85
-240	4326.52	-733.37
-240	4382.64	-741.81
-240	4438.76	-750.25
-240	4494.89	-758.68
-240	4551.01	-767.12
-240	4607.13	-775.47
-240	4663.26	-783.91
-240	4719.38	-792.26
-240	4775.51	-800.69
-240	4831.63	-809.04
-240	4887.75	-817.39
-240	4943.88	-825.74
-240	5000.00	-834.09
-235	5.00	0.00
-235	61.12	0.00
-235	117.25	0.00
-235	173.37	0.00
-235	229.49	0.00
-235	285.62	0.00
-235	341.74	0.00
-235	397.87	0.00
-235	453.99	-4.26
-235	510.11	-20.44
-235	566.24	-37.40
-235	622.36	-54.19
-235	678.48	-70.54
-235	734.61	-86.63
-235	790.73	-102.28
-235	846.85	-117.50
-235	902.98	-132.38
-235	959.10	-146.81
-235	1015.22	-160.90
-235	1071.35	-174.65
-235	1127.47	-188.13
-235	1183.60	-201.17
-235	1239.72	-214.05
-235	1295.84	-226.57
-235	1351.97	-238.92
-235	1408.09	-251.01
-235	1464.21	-262.84
-235	1520.34	-274.49
-235	1576.46	-285.97
-235	1632.58	-297.28
-235	1688.71	-308.33
-235	1744.83	-319.37
-235	1800.96	-330.16
-235	1857.08	-340.86
-235	1913.20	-351.47
-235	1969.33	-361.90
-235	2025.45	-372.25
-235	2081.57	-382.52
-235	2137.70	-392.61
-235	2193.82	-402.69
-235	2249.94	-412.70
-235	2306.07	-422.61
-235	2362.19	-432.44
-235	2418.31	-442.18
-235	2474.44	-451.84
-235	2530.56	-461.49
-235	2586.69	-471.06
-235	2642.81	-480.54
-235	2698.93	-490.02
-235	2755.06	-499.41
-235	2811.18	-508.80
-235	2867.30	-518.11
-235	2923.43	-527.42
-235	2979.55	-536.64
-235	3035.67	-545.86
-235	3091.80	-555.08
-235	3147.92	-564.21
-235	3204.04	-573.34
-235	3260.17	-582.39
-235	3316.29	-591.43
-235	3372.42	-600.48
-235	3428.54	-609.43
-235	3484.66	-618.48
-235	3540.79	-627.44
-235	3596.91	-636.31
-235	3653.03	-645.27
-235	3709.16	-654.14
-235	3765.28	-663.01
-235	3821.40	-671.88
-235	3877.53	-680.67
-235	3933.65	-689.54
-235	3989.78	-698.32
-235	4045.90	-707.11
-235	4102.02	-715.89
-235	4158.15	-724.68
-235	4214.27	-733.46
-235	4270.39	-742.16
-235	4326.52	-750.94
-235	4382.64	-759.64
-235	4438.76	-768.34
-235	4494.89	-777.04
-235	4551.01	-785.73
-235	4607.13	-794.34
-235	4663.26	-803.04
-235	4719.38	-811.74
-235	4775.51	-820.35
-235	4831.63	-828.96
-235	4887.75	-837.66
-235	4943.88	-846.27
-235	5000.00	-854.88
-230	5.00	0.00
-230	61.12	0.00
-230	117.25	0.00
-230	173.37	0.00
-230	229.49	0.00
-230	285.62	0.00
-230	341.74	0.00
-230	397.87	0.00
-230	453.99	-5.65
-230	510.11	-22.44
-230	566.24	-39.75
-230	622.36	-56.71
-230	678.48	-73.32
-230	734.61	-89.58
-230	790.73	-105.50
-230	846.85	-120.90
-230	902.98	-136.03
-230	959.10	-150.64
-230	1015.22	-164.99
-230	1071.35	-178.91
-230	1127.47	-192.56
-230	1183.60	-205.87
-230	1239.72	-218.92
-230	1295.84	-231.61
-230	1351.97	-244.14
-230	1408.09	-256.40
-230	1464.21	-268.49
-230	1520.34	-280.41
-230	1576.46	-292.06
-230	1632.58	-303.54
-230	1688.71	-314.85
-230	1744.83	-326.07
-230	1800.96	-337.12
-230	1857.08	-348.07
-230	1913.20	-358.86
-230	1969.33	-369.56
-230	2025.45	-380.08
-230	2081.57	-390.52
-230	2137.70	-400.96
-230	2193.82	-411.22
-230	2249.94	-421.48
-230	2306.07	-431.57
-230	2362.19	-441.66
-230	2418.31	-451.66
-230	2474.44	-461.58
-230	2530.56	-471.41
-230	2586.69	-481.23
-230	2642.81	-490.97
-230	2698.93	-500.72
-230	2755.06	-510.37
-230	2811.18	-520.02
-230	2867.30	-529.59
-230	2923.43	-539.07
-230	2979.55	-548.64
-230	3035.67	-558.03
-230	3091.80	-567.51
-230	3147.92	-576.91
-230	3204.04	-586.30
-230	3260.17	-595.61
-230	3316.29	-604.91
-230	3372.42	-614.22
-230	3428.54	-623.44
-230	3484.66	-632.74
-230	3540.79	-641.96
-230	3596.91	-651.10
-230	3653.03	-660.31
-230	3709.16	-669.45
-230	3765.28	-678.58
-230	3821.40	-687.71
-230	3877.53	-696.84
-230	3933.65	-705.89
-230	3989.78	-715.02
-230	4045.90	-724.07
-230	4102.02	-733.11
-230	4158.15	-742.16
-230	4214.27	-751.20
-230	4270.39	-760.16
-230	4326.52	-769.21
-230	4382.64	-778.17
-230	4438.76	-787.12
-230	4494.89	-796.17
-230	4551.01	-805.13
-230	4607.13	-814.09
-230	4663.26	-823.05
-230	4719.38	-831.92
-230	4775.51	-840.88
-230	4831.63	-849.75
-230	4887.75	-858.71
-230	4943.88	-867.58
-230	5000.00	-876.54
-224	5.00	0.00
-224	61.12	0.00
-224	117.25	0.00
-224	173.37	0.00
-224	229.49	0.00
-224	285.62	0.00
-224	341.74	0.00
-224	397.87	0.00
-224	453.99	-6.87
-224	510.11	-24.53
-224	566.24	-42.10
-224	622.36	-59.32
-224	678.48	-76.19
-224	734.61	-92.72
-224	790.73	-108.81
-224	846.85	-124.46
-224	902.98	-139.77
-224	959.10	-154.64
-224	1015.22	-169.17
-224	1071.35	-183.26
-224	1127.47	-197.17
-224	1183.60	-210.65
-224	1239.72	-223.87
-224	1295.84	-236.83
-224	1351.97	-249.62
-224	1408.09	-262.06
-224	1464.21	-274.41
-224	1520.34	-286.50
-224	1576.46	-298.32
-224	1632.58	-310.07
-224	1688.71	-321.63
-224	1744.83	-333.03
-224	1800.96	-344.33
-224	1857.08	-355.47
-224	1913.20	-366.51
-224	1969.33	-377.38
-224	2025.45	-388.26
-224	2081.57	-398.95
-224	2137.70	-409.57
-224	2193.82	-420.09
-224	2249.94	-430.53
-224	2306.07	-440.88
-224	2362.19	-451.23
-224	2418.31	-461.49
-224	2474.44	-471.67
-224	2530.56	-481.76
-224	2586.69	-491.84
-224	2642.81	-501.85
-224	2698.93	-511.85
-224	2755.06	-521.76
-224	2811.18	-531.59
-224	2867.30	-541.42
-224	2923.43	-551.25
-224	2979.55	-560.99
-224	3035.67	-570.73
-224	3091.80	-580.47
-224	3147.92	-590.13
-224	3204.04	-599.78
-224	3260.17	-609.35
-224	3316.29	-618.91
-224	3372.42	-628.48
-224	3428.54	-638.05
-224	3484.66	-647.53
-224	3540.79	-657.01
-224	3596.91	-666.49
-224	3653.03	-675.97
-224	3709.16	-685.45
-224	3765.28	-694.84
-224	3821.40	-704.24
-224	3877.53	-713.63
-224	3933.65	-723.02
-224	3989.78	-732.33
-224	4045.90	-741.72
-224	4102.02	-751.03
-224	4158.15	-760.34
-224	4214.27	-769.64
-224	4270.39	-778.95
-224	4326.52	-788.26
-224	4382.64	-797.56
-224	4438.76	-806.78
-224	4494.89	-816.09
-224	4551.01	-825.31
-224	4607.13	-834.53
-224	4663.26	-843.83
-224	4719.38	-852.96
-224	4775.51	-862.18
-224	4831.63	-871.40
-224	4887.75	-880.62
-224	4943.88	-889.84
-224	5000.00	-898.97
-219	5.00	0.00
-219	61.12	0.00
-219	117.25	0.00
-219	173.37	0.00
-219	229.49	0.00
-219	285.62	0.00
-219	341.74	0.00
-219	397.87	-0.17
-219	453.99	-8.44
-219	510.11	-26.70
-219	566.24	-44.44
-219	622.36	-62.01
-219	678.48	-79.15
-219	734.61	-95.85
-219	790.73	-112.20
-219	846.85	-128.11
-219	902.98	-143.60
-219	959.10	-158.73
-219	1015.22	-173.43
-219	1071.35	-187.78
-219	1127.47	-201.87
-219	1183.60	-215.61
-219	1239.72	-229.09
-219	1295.84	-242.31
-219	1351.97	-255.18
-219	1408.09	-267.97
-219	1464.21	-280.41
-219	1520.34	-292.76
-219	1576.46	-304.85
-219	1632.58	-316.85
-219	1688.71	-328.68
-219	1744.83	-340.25
-219	1800.96	-351.81
-219	1857.08	-363.21
-219	1913.20	-374.43
-219	1969.33	-385.65
-219	2025.45	-396.69
-219	2081.57	-407.65
-219	2137.70	-418.52
-219	2193.82	-429.31
-219	2249.94	-440.01
-219	2306.07	-450.62
-219	2362.19	-461.23
-219	2418.31	-471.67
-219	2474.44	-482.19
-219	2530.56	-492.54
-219	2586.69	-502.89
-219	2642.81	-513.15
-219	2698.93	-523.42
-219	2755.06	-533.59
-219	2811.18	-543.77
-219	2867.30	-553.86
-219	2923.43	-563.95
-219	2979.55	-573.95
-219	3035.67	-583.95
-219	3091.80	-593.95
-219	3147.92	-603.87
-219	3204.04	-613.78
-219	3260.17	-623.70
-219	3316.29	-633.53
-219	3372.42	-643.44
-219	3428.54	-653.27
-219	3484.66	-663.01
-219	3540.79	-672.84
-219	3596.91	-682.58
-219	3653.03	-692.32
-219	3709.16	-702.06
-219	3765.28	-711.72
-219	3821.40	-721.46
-219	3877.53	-731.11
-219	3933.65	-740.77
-219	3989.78	-750.42
-219	4045.90	-760.08
-219	4102.02	-769.73
-219	4158.15	-779.30
-219	4214.27	-788.95
-219	4270.39	-798.52
-219	4326.52	-808.09
-219	4382.64	-817.65
-219	4438.76	-827.22
-219	4494.89	-836.79
-219	4551.01	-846.35
-219	4607.13	-855.92
-219	4663.26	-865.40
-219	4719.38	-874.97
-219	4775.51	-884.45
-219	4831.63	-894.02
-219	4887.75	-903.50
-219	4943.88	-912.98
-219	5000.00	-922.46
-214	5.00	0.00
-214	61.12	0.00
-214	117.25	0.00
-214	173.37	0.00
-214	229.49	0.00
-214	285.62	0.00
-214	341.74	0.00
-214	397.87	-0.43
-214	453.99	-10.26
-214	510.11	-28.88
-214	566.24	-46.97
-214	622.36	-64.71
-214	678.48	-82.10
-214	734.61	-99.15
-214	790.73	-115.68
-214	846.85	-131.85
-214	902.98	-147.60
-214	959.10	-162.90
-214	1015.22	-177.86
-214	1071.35	-192.48
-214	1127.47	-206.74
-214	1183.60	-220.74
-214	1239.72	-234.48
-214	1295.84	-247.88
-214	1351.97	-261.01
-214	1408.09	-273.97
-214	1464.21	-286.76
-214	1520.34	-299.28
-214	1576.46	-311.63
-214	1632.58	-323.90
-214	1688.71	-335.90
-214	1744.83	-347.81
-214	1800.96	-359.56
-214	1857.08	-371.21
-214	1913.20	-382.69
-214	1969.33	-394.17
-214	2025.45	-405.48
-214	2081.57	-416.70
-214	2137.70	-427.83
-214	2193.82	-438.88
-214	2249.94	-449.84
-214	2306.07	-460.71
-214	2362.19	-471.58
-214	2418.31	-482.36
-214	2474.44	-493.06
-214	2530.56	-503.76
-214	2586.69	-514.37
-214	2642.81	-524.89
-214	2698.93	-535.42
-214	2755.06	-545.94
-214	2811.18	-556.38
-214	2867.30	-566.73
-214	2923.43	-577.08
-214	2979.55	-587.43
-214	3035.67	-597.69
-214	3091.80	-607.96
-214	3147.92	-618.22
-214	3204.04	-628.48
-214	3260.17	-638.66
-214	3316.29	-648.83
-214	3372.42	-658.92
-214	3428.54	-669.10
-214	3484.66	-679.19
-214	3540.79	-689.28
-214	3596.91	-699.28
-214	3653.03	-709.37
-214	3709.16	-719.37
-214	3765.28	-729.37
-214	3821.40	-739.38
-214	3877.53	-749.38
-214	3933.65	-759.38
-214	3989.78	-769.29
-214	4045.90	-779.21
-214	4102.02	-789.21
-214	4158.15	-799.13
-214	4214.27	-809.04
-214	4270.39	-818.96
-214	4326.52	-828.79
-214	4382.64	-838.70
-214	4438.76	-848.62
-214	4494.89	-858.44
-214	4551.01	-868.27
-214	4607.13	-878.19
-214	4663.26	-888.02
-214	4719.38	-897.84
-214	4775.51	-907.67
-214	4831.63	-917.50
-214	4887.75	-927.33
-214	4943.88	-937.16
-214	5000.00	-946.90
-209	5.00	0.00
-209	61.12	0.00
-209	117.25	0.00
-209	173.37	0.00
-209	229.49	0.00
-209	285.62	0.00
-209	341.74	0.00
-209	397.87	-1.04
-209	453.99	-12.00
-209	510.11	-31.22
-209	566.24	-49.58
-209	622.36	-67.58
-209	678.48	-85.24
-209	734.61	-102.46
-209	790.73	-119.33
-209	846.85	-135.68
-209	902.98	-151.68
-209	959.10	-167.25
-209	1015.22	-182.47
-209	1071.35	-197.35
-209	1127.47	-211.87
-209	1183.60	-226.05
-209	1239.72	-239.96
-209	1295.84	-253.62
-209	1351.97	-267.10
-209	1408.09	-280.32
-209	1464.21	-293.28
-209	1520.34	-306.07
-209	1576.46	-318.68
-209	1632.58	-331.11
-209	1688.71	-343.46
-209	1744.83	-355.55
-209	1800.96	-367.64
-209	1857.08	-379.56
-209	1913.20	-391.30
-209	1969.33	-402.96
-209	2025.45	-414.61
-209	2081.57	-426.09
-209	2137.70	-437.48
-209	2193.82	-448.79
-209	2249.94	-460.10
-209	2306.07	-471.23
-209	2362.19	-482.36
-209	2418.31	-493.41
-209	2474.44	-504.46
-209	2530.56	-515.41
-209	2586.69	-526.29
-209	2642.81	-537.16
-209	2698.93	-547.94
-209	2755.06	-558.73
-209	2811.18	-569.51
-209	2867.30	-580.21
-209	2923.43	-590.82
-209	2979.55	-601.43
-209	3035.67	-612.04
-209	3091.80	-622.65
-209	3147.92	-633.18
-209	3204.04	-643.70
-209	3260.17	-654.23
-209	3316.29	-664.66
-209	3372.42	-675.10
-209	3428.54	-685.54
-209	3484.66	-695.97
-209	3540.79	-706.32
-209	3596.91	-716.76
-209	3653.03	-727.11
-209	3709.16	-737.46
-209	3765.28	-747.81
-209	3821.40	-758.07
-209	3877.53	-768.42
-209	3933.65	-778.69
-209	3989.78	-788.95
-209	4045.90	-799.21
-209	4102.02	-809.48
-209	4158.15	-819.74
-209	4214.27	-829.92
-209	4270.39	-840.18
-209	4326.52	-850.36
-209	4382.64	-860.62
-209	4438.76	-870.79
-209	4494.89	-880.97
-209	4551.01	-891.15
-209	4607.13	-901.32
-209	4663.26	-911.50
-209	4719.38	-921.68
-209	4775.51	-931.85
-209	4831.63	-942.03
-209	4887.75	-952.12
-209	4943.88	-962.29
-209	5000.00	-972.38
-204	5.00	0.00
-204	61.12	0.00
-204	117.25	0.00
-204	173.37	0.00
-204	229.49	0.00
-204	285.62	0.00
-204	341.74	0.00
-204	397.87	-1.39
-204	453.99	-14.09
-204	510.11	-33.57
-204	566.24	-52.19
-204	622.36	-70.54
-204	678.48	-88.45
-204	734.61	-105.94
-204	790.73	-123.07
-204	846.85	-139.68
-204	902.98	-155.95
-204	959.10	-171.78
-204	1015.22	-187.17
-204	1071.35	-202.30
-204	1127.47	-217.09
-204	1183.60	-231.53
-204	1239.72	-245.70
-204	1295.84	-259.62
-204	1351.97	-273.36
-204	1408.09	-286.76
-204	1464.21	-300.06
-204	1520.34	-313.11
-204	1576.46	-325.98
-204	1632.58	-338.68
-204	1688.71	-351.29
-204	1744.83	-363.73
-204	1800.96	-375.99
-204	1857.08	-388.17
-204	1913.20	-400.26
-204	1969.33	-412.17
-204	2025.45	-424.09
-204	2081.57	-435.83
-204	2137.70	-447.57
-204	2193.82	-459.14
-204	2249.94	-470.71
-204	2306.07	-482.19
-204	2362.19	-493.67
-204	2418.31	-504.98
-204	2474.44	-516.28
-204	2530.56	-527.59
-204	2586.69	-538.72
-204	2642.81	-549.94
-204	2698.93	-561.08
-204	2755.06	-572.12
-204	2811.18	-583.17
-204	2867.30	-594.21
-204	2923.43	-605.17
-204	2979.55	-616.13
-204	3035.67	-627.00
-204	3091.80	-637.88
-204	3147.92	-648.75
-204	3204.04	-659.62
-204	3260.17	-670.40
-204	3316.29	-681.19
-204	3372.42	-691.97
-204	3428.54	-702.76
-204	3484.66	-713.46
-204	3540.79	-724.24
-204	3596.91	-734.94
-204	3653.03	-745.64
-204	3709.16	-756.25
-204	3765.28	-766.95
-204	3821.40	-777.56
-204	3877.53	-788.26
-204	3933.65	-798.87
-204	3989.78	-809.48
-204	4045.90	-820.00
-204	4102.02	-830.61
-204	4158.15	-841.22
-204	4214.27	-851.75
-204	4270.39	-862.36
-204	4326.52	-872.88
-204	4382.64	-883.41
-204	4438.76	-893.93
-204	4494.89	-904.45
-204	4551.01	-914.98
-204	4607.13	-925.50
-204	4663.26	-936.03
-204	4719.38	-946.55
-204	4775.51	-956.99
-204	4831.63	-967.51
-204	4887.75	-977.95
-204	4943.88	-988.47
-204	5000.00	-998.91
-199	5.00	0.00
-199	61.12	0.00
-199	117.25	0.00
-199	173.37	0.00
-199	229.49	0.00
-199	285.62	0.00
-199	341.74	0.00
-199	397.87	-2.17
-199	453.99	-16.00
-199	510.11	-36.01
-199	566.24	-54.97
-199	622.36	-73.58
-199	678.48	-91.76
-199	734.61	-109.59
-199	790.73	-126.90
-199	846.85	-143.86
-199	902.98	-160.30
-199	959.10	-176.39
-199	1015.22	-192.13
-199	1071.35	-207.52
-199	1127.47	-222.48
-199	1183.60	-237.27
-199	1239.72	-251.71
-199	1295.84	-265.88
-199	1351.97	-279.80
-199	1408.09	-293.54
-199	1464.21	-307.02
-199	1520.34	-320.42
-199	1576.46	-333.55
-199	1632.58	-346.51
-199	1688.71	-359.38
-199	1744.83	-372.08
-199	1800.96	-384.69
-199	1857.08	-397.13
-199	1913.20	-409.57
-199	1969.33	-421.83
-199	2025.45	-433.92
-199	2081.57	-446.01
-199	2137.70	-458.01
-199	2193.82	-469.93
-199	2249.94	-481.84
-199	2306.07	-493.58
-199	2362.19	-505.33
-199	2418.31	-516.98
-199	2474.44	-528.63
-199	2530.56	-540.20
-199	2586.69	-551.77
-199	2642.81	-563.25
-199	2698.93	-574.64
-199	2755.06	-586.04
-199	2811.18	-597.43
-199	2867.30	-608.83
-199	2923.43	-620.13
-199	2979.55	-631.35
-199	3035.67	-642.57
-199	3091.80	-653.79
-199	3147.92	-665.01
-199	3204.04	-676.23
-199	3260.17	-687.36
-199	3316.29	-698.50
-199	3372.42	-709.63
-199	3428.54	-720.68
-199	3484.66	-731.81
-199	3540.79	-742.85
-199	3596.91	-753.90
-199	3653.03	-764.95
-199	3709.16	-775.90
-199	3765.28	-786.95
-199	3821.40	-797.91
-199	3877.53	-808.87
-199	3933.65	-819.83
-199	3989.78	-830.79
-199	4045.90	-841.74
-199	4102.02	-852.70
-199	4158.15	-863.58
-199	4214.27	-874.53
-199	4270.39	-885.41
-199	4326.52	-896.37
-199	4382.64	-907.24
-199	4438.76	-918.11
-199	4494.89	-928.98
-199	4551.01	-939.85
-199	4607.13	-950.72
-199	4663.26	-961.60
-199	4719.38	-972.38
-199	4775.51	-983.25
-199	4831.63	-994.13
-199	4887.75	-1004.91
-199	4943.88	-1015.78
-199	5000.00	-1026.57
-194	5.00	0.00
-194	61.12	0.00
-194	117.25	0.00
-194	173.37	0.00
-194	229.49	0.00
-194	285.62	0.00
-194	341.74	0.00
-194	397.87	-3.04
-194	453.99	-18.26
-194	510.11	-38.53
-194	566.24	-57.75
-194	622.36	-76.71
-194	678.48	-95.24
-194	734.61	-113.24
-194	790.73	-130.90
-194	846.85	-148.12
-194	902.98	-164.82
-194	959.10	-181.26
-194	1015.22	-197.17
-194	1071.35	-212.83
-194	1127.47	-228.14
-194	1183.60	-243.10
-194	1239.72	-257.88
-194	1295.84	-272.32
-194	1351.97	-286.50
-194	1408.09	-300.50
-194	1464.21	-314.33
-194	1520.34	-327.98
-194	1576.46	-341.38
-194	1632.58	-354.68
-194	1688.71	-367.82
-194	1744.83	-380.86
-194	1800.96	-393.74
-194	1857.08	-406.52
-194	1913.20	-419.22
-194	1969.33	-431.74
-194	2025.45	-444.27
-194	2081.57	-456.62
-194	2137.70	-468.97
-194	2193.82	-481.23
-194	2249.94	-493.41
-194	2306.07	-505.50
-194	2362.19	-517.59
-194	2418.31	-529.59
-194	2474.44	-541.51
-194	2530.56	-553.42
-194	2586.69	-565.25
-194	2642.81	-577.08
-194	2698.93	-588.91
-194	2755.06	-600.65
-194	2811.18	-612.30
-194	2867.30	-624.05
-194	2923.43	-635.70
-194	2979.55	-647.27
-194	3035.67	-658.84
-194	3091.80	-670.40
-194	3147.92	-681.97
-194	3204.04	-693.54
-194	3260.17	-705.02
-194	3316.29	-716.50
-194	3372.42	-727.98
-194	3428.54	-739.38
-194	3484.66	-750.86
-194	3540.79	-762.25
-194	3596.91	-773.64
-194	3653.03	-785.04
-194	3709.16	-796.43
-194	3765.28	-807.74
-194	3821.40	-819.13
-194	3877.53	-830.44
-194	3933.65	-841.74
-194	3989.78	-853.05
-194	4045.90	-864.36
-194	4102.02	-875.67
-194	4158.15	-886.97
-194	4214.27	-898.28
-194	4270.39	-909.50
-194	4326.52	-920.81
-194	4382.64	-932.03
-194	4438.76	-943.24
-194	4494.89	-954.46
-194	4551.01	-965.77
-194	4607.13	-976.99
-194	4663.26	-988.21
-194	4719.38	-999.43
-194	4775.51	-1010.56
-194	4831.63	-1021.78
-194	4887.75	-1033.00
-194	4943.88	-1044.22
-194	5000.00	-1055.36
-189	5.00	0.00
-189	61.12	0.00
-189	117.25	0.00
-189	173.37	0.00
-189	229.49	0.00
-189	285.62	0.00
-189	341.74	0.00
-189	397.87	-4.17
-189	453.99	-20.70
-189	510.11	-41.14
-189	566.24	-60.71
-189	622.36	-79.93
-189	678.48	-98.72
-189	734.61	-117.16
-189	790.73	-135.07
-189	846.85	-152.47
-189	902.98	-169.51
-189	959.10	-186.21
-189	1015.22	-202.48
-189	1071.35	-218.39
-189	1127.47	-233.96
-189	1183.60	-249.27
-189	1239.72	-264.23
-189	1295.84	-279.02
-189	1351.97	-293.54
-189	1408.09	-307.80
-189	1464.21	-321.89
-189	1520.34	-335.81
-189	1576.46	-349.55
-189	1632.58	-363.21
-189	1688.71	-376.60
-189	1744.83	-390.00
-189	1800.96	-403.13
-189	1857.08	-416.26
-189	1913.20	-429.22
-189	1969.33	-442.18
-189	2025.45	-454.97
-189	2081.57	-467.67
-189	2137.70	-480.36
-189	2193.82	-492.89
-189	2249.94	-505.41
-189	2306.07	-517.85
-189	2362.19	-530.29
-189	2418.31	-542.64
-189	2474.44	-554.90
-189	2530.56	-567.16
-189	2586.69	-579.43
-189	2642.81	-591.60
-189	2698.93	-603.69
-189	2755.06	-615.78
-189	2811.18	-627.87
-189	2867.30	-639.88
-189	2923.43	-651.88
-189	2979.55	-663.88
-189	3035.67	-675.80
-189	3091.80	-687.80
-189	3147.92	-699.71
-189	3204.04	-711.54
-189	3260.17	-723.46
-189	3316.29	-735.29
-189	3372.42	-747.12
-189	3428.54	-758.94
-189	3484.66	-770.69
-189	3540.79	-782.51
-189	3596.91	-794.26
-189	3653.03	-806.00
-189	3709.16	-817.74
-189	3765.28	-829.48
-189	3821.40	-841.22
-189	3877.53	-852.88
-189	3933.65	-864.62
-189	3989.78	-876.36
-189	4045.90	-888.02
-189	4102.02	-899.67
-189	4158.15	-911.33
-189	4214.27	-922.98
-189	4270.39	-934.63
-189	4326.52	-946.29
-189	4382.64	-957.86
-189	4438.76	-969.51
-189	4494.89	-981.08
-189	4551.01	-992.73
-189	4607.13	-1004.30
-189	4663.26	-1015.96
-189	4719.38	-1027.52
-189	4775.51	-1039.09
-189	4831.63	-1050.66
-189	4887.75	-1062.31
-189	4943.88	-1073.88
-189	5000.00	-1085.45
-184	5.00	0.00
-184	61.12	0.00
-184	117.25	0.00
-184	173.37	0.00
-184	229.49	0.00
-184	285.62	0.00
-184	341.74	0.00
-184	397.87	-5.48
-184	453.99	-23.31
-184	510.11	-43.84
-184	566.24	-63.75
-184	622.36	-83.32
-184	678.48	-102.46
-184	734.61	-121.07
-184	790.73	-139.33
-184	846.85	-157.08
-184	902.98	-174.39
-184	959.10	-191.35
-184	1015.22	-207.87
-184	1071.35	-224.13
-184	1127.47	-239.96
-184	1183.60	-255.53
-184	1239.72	-270.84
-184	1295.84	-285.89
-184	1351.97	-300.76
-184	1408.09	-315.37
-184	1464.21	-329.81
-184	1520.34	-343.99
-184	1576.46	-358.08
-184	1632.58	-371.99
-184	1688.71	-385.82
-184	1744.83	-399.48
-184	1800.96	-412.96
-184	1857.08	-426.44
-184	1913.20	-439.75
-184	1969.33	-452.97
-184	2025.45	-466.10
-184	2081.57	-479.23
-184	2137.70	-492.19
-184	2193.82	-505.15
-184	2249.94	-518.02
-184	2306.07	-530.81
-184	2362.19	-543.59
-184	2418.31	-556.29
-184	2474.44	-568.90
-184	2530.56	-581.52
-184	2586.69	-594.13
-184	2642.81	-606.65
-184	2698.93	-619.18
-184	2755.06	-631.61
-184	2811.18	-644.05
-184	2867.30	-656.49
-184	2923.43	-668.84
-184	2979.55	-681.19
-184	3035.67	-693.54
-184	3091.80	-705.80
-184	3147.92	-718.15
-184	3204.04	-730.42
-184	3260.17	-742.59
-184	3316.29	-754.86
-184	3372.42	-767.12
-184	3428.54	-779.30
-184	3484.66	-791.47
-184	3540.79	-803.65
-184	3596.91	-815.74
-184	3653.03	-827.92
-184	3709.16	-840.09
-184	3765.28	-852.18
-184	3821.40	-864.27
-184	3877.53	-876.36
-184	3933.65	-888.45
-184	3989.78	-900.54
-184	4045.90	-912.63
-184	4102.02	-924.63
-184	4158.15	-936.72
-184	4214.27	-948.72
-184	4270.39	-960.81
-184	4326.52	-972.82
-184	4382.64	-984.82
-184	4438.76	-996.82
-184	4494.89	-1008.91
-184	4551.01	-1020.91
-184	4607.13	-1032.83
-184	4663.26	-1044.83
-184	4719.38	-1056.83
-184	4775.51	-1068.84
-184	4831.63	-1080.84
-184	4887.75	-1092.76
-184	4943.88	-1104.76
-184	5000.00	-1116.76
-179	5.00	0.00
-179	61.12	0.00
-179	117.25	0.00
-179	173.37	0.00
-179	229.49	0.00
-179	285.62	0.00
-179	341.74	0.00
-179	397.87	-6.78
-179	453.99	-25.92
-179	510.11	-46.62
-179	566.24	-66.88
-179	622.36	-86.71
-179	678.48	-106.20
-179	734.61	-125.16
-179	790.73	-143.68
-179	846.85	-161.77
-179	902.98	-179.43
-179	959.10	-196.65
-179	1015.22	-213.52
-179	1071.35	-230.05
-179	1127.47	-246.23
-179	1183.60	-262.14
-179	1239.72	-277.80
-179	1295.84	-293.11
-179	1351.97	-308.24
-179	1408.09	-323.20
-179	1464.21	-337.99
-179	1520.34	-352.51
-179	1576.46	-366.95
-179	1632.58	-381.21
-179	1688.71	-395.30
-179	1744.83	-409.30
-179	1800.96	-423.22
-179	1857.08	-436.96
-179	1913.20	-450.62
-179	1969.33	-464.27
-179	2025.45	-477.75
-179	2081.57	-491.24
-179	2137.70	-504.54
-179	2193.82	-517.85
-179	2249.94	-531.07
-179	2306.07	-544.29
-179	2362.19	-557.42
-179	2418.31	-570.47
-179	2474.44	-583.52
-179	2530.56	-596.56
-179	2586.69	-609.52
-179	2642.81	-622.39
-179	2698.93	-635.27
-179	2755.06	-648.14
-179	2811.18	-660.92
-179	2867.30	-673.80
-179	2923.43	-686.49
-179	2979.55	-699.28
-179	3035.67	-711.98
-179	3091.80	-724.68
-179	3147.92	-737.37
-179	3204.04	-750.07
-179	3260.17	-762.68
-179	3316.29	-775.30
-179	3372.42	-787.91
-179	3428.54	-800.52
-179	3484.66	-813.13
-179	3540.79	-825.65
-179	3596.91	-838.27
-179	3653.03	-850.79
-179	3709.16	-863.31
-179	3765.28	-875.84
-179	3821.40	-888.36
-179	3877.53	-900.80
-179	3933.65	-913.33
-179	3989.78	-925.85
-179	4045.90	-938.29
-179	4102.02	-950.72
-179	4158.15	-963.16
-179	4214.27	-975.69
-179	4270.39	-988.12
-179	4326.52	-1000.56
-179	4382.64	-1013.00
-179	4438.76	-1025.44
-179	4494.89	-1037.79
-179	4551.01	-1050.22
-179	4607.13	-1062.66
-179	4663.26	-1075.01
-179	4719.38	-1087.45
-179	4775.51	-1099.80
-179	4831.63	-1112.24
-179	4887.75	-1124.59
-179	4943.88	-1136.94
-179	5000.00	-1149.38
-173	5.00	0.00
-173	61.12	0.00
-173	117.25	0.00
-173	173.37	0.00
-173	229.49	0.00
-173	285.62	0.00
-173	341.74	-0.09
-173	397.87	-8.35
-173	453.99	-28.61
-173	510.11	-49.40
-173	566.24	-70.10
-173	622.36	-90.37
-173	678.48	-110.11
-173	734.61	-129.42
-173	790.73	-148.29
-173	846.85	-166.73
-173	902.98	-184.65
-173	959.10	-202.22
-173	1015.22	-219.44
-173	1071.35	-236.22
-173	1127.47	-252.75
-173	1183.60	-269.01
-173	1239.72	-284.93
-173	1295.84	-300.59
-173	1351.97	-316.07
-173	1408.09	-331.38
-173	1464.21	-346.51
-173	1520.34	-361.38
-173	1576.46	-376.17
-173	1632.58	-390.78
-173	1688.71	-405.22
-173	1744.83	-419.57
-173	1800.96	-433.83
-173	1857.08	-448.01
-173	1913.20	-462.01
-173	1969.33	-476.01
-173	2025.45	-489.93
-173	2081.57	-503.76
-173	2137.70	-517.50
-173	2193.82	-531.16
-173	2249.94	-544.81
-173	2306.07	-558.38
-173	2362.19	-571.86
-173	2418.31	-585.34
-173	2474.44	-598.74
-173	2530.56	-612.13
-173	2586.69	-625.52
-173	2642.81	-638.83
-173	2698.93	-652.14
-173	2755.06	-665.36
-173	2811.18	-678.58
-173	2867.30	-691.80
-173	2923.43	-705.02
-173	2979.55	-718.15
-173	3035.67	-731.29
-173	3091.80	-744.42
-173	3147.92	-757.47
-173	3204.04	-770.51
-173	3260.17	-783.65
-173	3316.29	-796.69
-173	3372.42	-809.65
-173	3428.54	-822.70
-173	3484.66	-835.66
-173	3540.79	-848.70
-173	3596.91	-861.66
-173	3653.03	-874.62
-173	3709.16	-887.58
-173	3765.28	-900.54
-173	3821.40	-913.41
-173	3877.53	-926.37
-173	3933.65	-939.24
-173	3989.78	-952.20
-173	4045.90	-965.08
-173	4102.02	-977.95
-173	4158.15	-990.82
-173	4214.27	-1003.69
-173	4270.39	-1016.56
-173	4326.52	-1029.44
-173	4382.64	-1042.31
-173	4438.76	-1055.18
-173	4494.89	-1067.97
-173	4551.01	-1080.84
-173	4607.13	-1093.71
-173	4663.26	-1106.50
-173	4719.38	-1119.28
-173	4775.51	-1132.15
-173	4831.63	-1144.94
-173	4887.75	-1157.73
-173	4943.88	-1170.60
-173	5000.00	-1183.38
-168	5.00	0.00
-168	61.12	0.00
-168	117.25	0.00
-168	173.37	0.00
-168	229.49	0.00
-168	285.62	0.00
-168	341.74	-0.35
-168	397.87	-10.18
-168	453.99	-31.14
-168	510.11	-52.45
-168	566.24	-73.49
-168	622.36	-94.02
-168	678.48	-114.20
-168	734.61	-133.85
-168	790.73	-153.08
-168	846.85	-171.78
-168	902.98	-190.04
-168	959.10	-207.96
-168	1015.22	-225.44
-168	1071.35	-242.66
-168	1127.47	-259.53
-168	1183.60	-276.06
-168	1239.72	-292.32
-168	1295.84	-308.41
-168	1351.97	-324.24
-168	1408.09	-339.90
-168	1464.21	-355.29
-168	1520.34	-370.60
-168	1576.46	-385.73
-168	1632.58	-400.69
-168	1688.71	-415.57
-168	1744.83	-430.35
-168	1800.96	-444.96
-168	1857.08	-459.49
-168	1913.20	-473.93
-168	1969.33	-488.28
-168	2025.45	-502.54
-168	2081.57	-516.81
-168	2137.70	-530.90
-168	2193.82	-544.99
-168	2249.94	-559.08
-168	2306.07	-572.99
-168	2362.19	-586.99
-168	2418.31	-600.82
-168	2474.44	-614.65
-168	2530.56	-628.48
-168	2586.69	-642.22
-168	2642.81	-655.97
-168	2698.93	-669.71
-168	2755.06	-683.36
-168	2811.18	-697.02
-168	2867.30	-710.67
-168	2923.43	-724.24
-168	2979.55	-737.81
-168	3035.67	-751.38
-168	3091.80	-764.95
-168	3147.92	-778.43
-168	3204.04	-792.00
-168	3260.17	-805.48
-168	3316.29	-818.96
-168	3372.42	-832.44
-168	3428.54	-845.83
-168	3484.66	-859.31
-168	3540.79	-872.71
-168	3596.91	-886.10
-168	3653.03	-899.50
-168	3709.16	-912.89
-168	3765.28	-926.28
-168	3821.40	-939.68
-168	3877.53	-952.99
-168	3933.65	-966.38
-168	3989.78	-979.69
-168	4045.90	-992.99
-168	4102.02	-1006.39
-168	4158.15	-1019.70
-168	4214.27	-1033.00
-168	4270.39	-1046.31
-168	4326.52	-1059.62
-168	4382.64	-1072.92
-168	4438.76	-1086.23
-168	4494.89	-1099.45
-168	4551.01	-1112.76
-168	4607.13	-1126.07
-168	4663.26	-1139.29
-168	4719.38	-1152.59
-168	4775.51	-1165.81
-168	4831.63	-1179.12
-168	4887.75	-1192.34
-168	4943.88	-1205.56
-168	5000.00	-1218.87
-163	5.00	0.00
-163	61.12	0.00
-163	117.25	0.00
-163	173.37	0.00
-163	229.49	0.00
-163	285.62	0.00
-163	341.74	-0.78
-163	397.87	-12.09
-163	453.99	-33.75
-163	510.11	-55.58
-163	566.24	-76.97
-163	622.36	-97.93
-163	678.48	-118.37
-163	734.61	-138.46
-163	790.73	-157.95
-163	846.85	-177.08
-163	902.98	-195.69
-163	959.10	-213.96
-163	1015.22	-231.79
-163	1071.35	-249.36
-163	1127.47	-266.49
-163	1183.60	-283.45
-163	1239.72	-300.15
-163	1295.84	-316.50
-163	1351.97	-332.77
-163	1408.09	-348.77
-163	1464.21	-364.60
-163	1520.34	-380.26
-163	1576.46	-395.74
-163	1632.58	-411.13
-163	1688.71	-426.35
-163	1744.83	-441.49
-163	1800.96	-456.53
-163	1857.08	-471.49
-163	1913.20	-486.36
-163	1969.33	-501.06
-163	2025.45	-515.76
-163	2081.57	-530.46
-163	2137.70	-544.99
-163	2193.82	-559.51
-163	2249.94	-573.95
-163	2306.07	-588.39
-163	2362.19	-602.74
-163	2418.31	-617.00
-163	2474.44	-631.27
-163	2530.56	-645.53
-163	2586.69	-659.79
-163	2642.81	-673.97
-163	2698.93	-688.06
-163	2755.06	-702.24
-163	2811.18	-716.33
-163	2867.30	-730.33
-163	2923.43	-744.42
-163	2979.55	-758.42
-163	3035.67	-772.43
-163	3091.80	-786.43
-163	3147.92	-800.43
-163	3204.04	-814.35
-163	3260.17	-828.26
-163	3316.29	-842.18
-163	3372.42	-856.10
-163	3428.54	-870.01
-163	3484.66	-883.93
-163	3540.79	-897.76
-163	3596.91	-911.67
-163	3653.03	-925.50
-163	3709.16	-939.33
-163	3765.28	-953.16
-163	3821.40	-966.99
-163	3877.53	-980.82
-163	3933.65	-994.65
-163	3989.78	-1008.39
-163	4045.90	-1022.22
-163	4102.02	-1035.96
-163	4158.15	-1049.79
-163	4214.27	-1063.53
-163	4270.39	-1077.36
-163	4326.52	-1091.10
-163	4382.64	-1104.84
-163	4438.76	-1118.59
-163	4494.89	-1132.33
-163	4551.01	-1146.07
-163	4607.13	-1159.81
-163	4663.26	-1173.55
-163	4719.38	-1187.30
-163	4775.51	-1201.04
-163	4831.63	-1214.69
-163	4887.75	-1228.44
-163	4943.88	-1242.18
-163	5000.00	-1255.83
-158	5.00	0.00
-158	61.12	0.00
-158	117.25	0.00
-158	173.37	0.00
-158	229.49	0.00
-158	285.62	0.00
-158	341.74	-1.48
-158	397.87	-14.18
-158	453.99	-36.62
-158	510.11	-58.80
-158	566.24	-80.54
-158	622.36	-101.93
-158	678.48	-122.81
-158	734.61	-143.16
-158	790.73	-163.08
-158	846.85	-182.47
-158	902.98	-201.52
-158	959.10	-220.13
-158	1015.22	-238.40
-158	1071.35	-256.23
-158	1127.47	-273.80
-158	1183.60	-291.11
-158	1239.72	-308.15
-158	1295.84	-324.94
-158	1351.97	-341.55
-158	1408.09	-357.99
-158	1464.21	-374.17
-158	1520.34	-390.26
-158	1576.46	-406.17
-158	1632.58	-422.00
-158	1688.71	-437.66
-158	1744.83	-453.23
-158	1800.96	-468.62
-158	1857.08	-484.02
-158	1913.20	-499.32
-158	1969.33	-514.46
-158	2025.45	-529.59
-158	2081.57	-544.64
-158	2137.70	-559.68
-158	2193.82	-574.64
-158	2249.94	-589.52
-158	2306.07	-604.39
-158	2362.19	-619.18
-158	2418.31	-633.96
-158	2474.44	-648.66
-158	2530.56	-663.36
-158	2586.69	-678.06
-158	2642.81	-692.67
-158	2698.93	-707.28
-158	2755.06	-721.81
-158	2811.18	-736.42
-158	2867.30	-750.94
-158	2923.43	-765.47
-158	2979.55	-779.91
-158	3035.67	-794.43
-158	3091.80	-808.87
-158	3147.92	-823.31
-158	3204.04	-837.74
-158	3260.17	-852.10
-158	3316.29	-866.53
-158	3372.42	-880.88
-158	3428.54	-895.23
-158	3484.66	-909.59
-158	3540.79	-923.94
-158	3596.91	-938.29
-158	3653.03	-952.64
-158	3709.16	-966.90
-158	3765.28	-981.25
-158	3821.40	-995.52
-158	3877.53	-1009.87
-158	3933.65	-1024.13
-158	3989.78	-1038.40
-158	4045.90	-1052.66
-158	4102.02	-1066.92
-158	4158.15	-1081.19
-158	4214.27	-1095.45
-158	4270.39	-1109.72
-158	4326.52	-1123.89
-158	4382.64	-1138.16
-158	4438.76	-1152.42
-158	4494.89	-1166.60
-158	4551.01	-1180.86
-158	4607.13	-1195.04
-158	4663.26	-1209.30
-158	4719.38	-1223.48
-158	4775.51	-1237.66
-158	4831.63	-1251.83
-158	4887.75	-1266.01
-158	4943.88	-1280.27
-158	5000.00	-1294.45
-153	5.00	0.00
-153	61.12	0.00
-153	117.25	0.00
-153	173.37	0.00
-153	229.49	0.00
-153	285.62	0.00
-153	341.74	-2.26
-153	397.87	-16.44
-153	453.99	-39.49
-153	510.11	-62.10
-153	566.24	-84.28
-153	622.36	-106.02
-153	678.48	-127.33
-153	734.61	-148.12
-153	790.73	-168.38
-153	846.85	-188.21
-153	902.98	-207.61
-153	959.10	-226.57
-153	1015.22	-245.18
-153	1071.35	-263.45
-153	1127.47	-281.45
-153	1183.60	-299.11
-153	1239.72	-316.59
-153	1295.84	-333.81
-153	1351.97	-350.77
-153	1408.09	-367.64
-153	1464.21	-384.26
-153	1520.34	-400.69
-153	1576.46	-417.05
-153	1632.58	-433.31
-153	1688.71	-449.40
-153	1744.83	-465.40
-153	1800.96	-481.32
-153	1857.08	-497.06
-153	1913.20	-512.81
-153	1969.33	-528.46
-153	2025.45	-544.03
-153	2081.57	-559.60
-153	2137.70	-574.99
-153	2193.82	-590.47
-153	2249.94	-605.78
-153	2306.07	-621.09
-153	2362.19	-636.40
-153	2418.31	-651.62
-153	2474.44	-666.84
-153	2530.56	-681.97
-153	2586.69	-697.11
-153	2642.81	-712.24
-153	2698.93	-727.29
-153	2755.06	-742.42
-153	2811.18	-757.38
-153	2867.30	-772.43
-153	2923.43	-787.39
-153	2979.55	-802.43
-153	3035.67	-817.39
-153	3091.80	-832.26
-153	3147.92	-847.22
-153	3204.04	-862.10
-153	3260.17	-877.06
-153	3316.29	-891.93
-153	3372.42	-906.80
-153	3428.54	-921.68
-153	3484.66	-936.46
-153	3540.79	-951.33
-153	3596.91	-966.12
-153	3653.03	-980.99
-153	3709.16	-995.78
-153	3765.28	-1010.56
-153	3821.40	-1025.35
-153	3877.53	-1040.14
-153	3933.65	-1054.92
-153	3989.78	-1069.71
-153	4045.90	-1084.49
-153	4102.02	-1099.19
-153	4158.15	-1113.98
-153	4214.27	-1128.76
-153	4270.39	-1143.46
-153	4326.52	-1158.25
-153	4382.64	-1172.95
-153	4438.76	-1187.64
-153	4494.89	-1202.34
-153	4551.01	-1217.13
-153	4607.13	-1231.83
-153	4663.26	-1246.53
-153	4719.38	-1261.23
-153	4775.51	-1275.92
-153	4831.63	-1290.62
-153	4887.75	-1305.32
-153	4943.88	-1320.02
-153	5000.00	-1334.72
-148	5.00	0.00
-148	61.12	0.00
-148	117.25	0.00
-148	173.37	0.00
-148	229.49	0.00
-148	285.62	0.00
-148	341.74	-3.22
-148	397.87	-18.70
-148	453.99	-42.53
-148	510.11	-65.58
-148	566.24	-88.19
-148	622.36	-110.37
-148	678.48	-132.03
-148	734.61	-153.16
-148	790.73	-173.86
-148	846.85	-194.13
-148	902.98	-213.87
-148	959.10	-233.27
-148	1015.22	-252.31
-148	1071.35	-271.01
-148	1127.47	-289.37
-148	1183.60	-307.46
-148	1239.72	-325.37
-148	1295.84	-342.94
-148	1351.97	-360.42
-148	1408.09	-377.65
-148	1464.21	-394.69
-148	1520.34	-411.65
-148	1576.46	-428.44
-148	1632.58	-445.14
-148	1688.71	-461.66
-148	1744.83	-478.10
-148	1800.96	-494.45
-148	1857.08	-510.72
-148	1913.20	-526.98
-148	1969.33	-543.07
-148	2025.45	-559.16
-148	2081.57	-575.17
-148	2137.70	-591.08
-148	2193.82	-607.00
-148	2249.94	-622.83
-148	2306.07	-638.66
-148	2362.19	-654.40
-148	2418.31	-670.14
-148	2474.44	-685.80
-148	2530.56	-701.45
-148	2586.69	-717.11
-148	2642.81	-732.68
-148	2698.93	-748.33
-148	2755.06	-763.90
-148	2811.18	-779.38
-148	2867.30	-794.87
-148	2923.43	-810.43
-148	2979.55	-825.92
-148	3035.67	-841.31
-148	3091.80	-856.79
-148	3147.92	-872.19
-148	3204.04	-887.67
-148	3260.17	-903.06
-148	3316.29	-918.46
-148	3372.42	-933.85
-148	3428.54	-949.16
-148	3484.66	-964.55
-148	3540.79	-979.86
-148	3596.91	-995.26
-148	3653.03	-1010.56
-148	3709.16	-1025.87
-148	3765.28	-1041.18
-148	3821.40	-1056.49
-148	3877.53	-1071.79
-148	3933.65	-1087.10
-148	3989.78	-1102.41
-148	4045.90	-1117.72
-148	4102.02	-1132.94
-148	4158.15	-1148.25
-148	4214.27	-1163.47
-148	4270.39	-1178.77
-148	4326.52	-1193.99
-148	4382.64	-1209.30
-148	4438.76	-1224.52
-148	4494.89	-1239.74
-148	4551.01	-1254.96
-148	4607.13	-1270.18
-148	4663.26	-1285.40
-148	4719.38	-1300.63
-148	4775.51	-1315.93
-148	4831.63	-1331.15
-148	4887.75	-1346.29
-148	4943.88	-1361.51
-148	5000.00	-1376.73
-143	5.00	0.00
-143	61.12	0.00
-143	117.25	0.00
-143	173.37	0.00
-143	229.49	0.00
-143	285.62	0.00
-143	341.74	-4.61
-143	397.87	-21.57
-143	453.99	-45.66
-143	510.11	-69.15
-143	566.24	-92.19
-143	622.36	-114.81
-143	678.48	-136.90
-143	734.61	-158.47
-143	790.73	-179.60
-143	846.85	-200.22
-143	902.98	-220.48
-143	959.10	-240.23
-143	1015.22	-259.71
-143	1071.35	-278.84
-143	1127.47	-297.63
-143	1183.60	-316.15
-143	1239.72	-334.51
-143	1295.84	-352.51
-143	1351.97	-370.43
-143	1408.09	-388.17
-143	1464.21	-405.65
-143	1520.34	-423.05
-143	1576.46	-440.35
-143	1632.58	-457.49
-143	1688.71	-474.54
-143	1744.83	-491.41
-143	1800.96	-508.28
-143	1857.08	-525.07
-143	1913.20	-541.77
-143	1969.33	-558.38
-143	2025.45	-574.91
-143	2081.57	-591.43
-143	2137.70	-607.87
-143	2193.82	-624.31
-143	2249.94	-640.66
-143	2306.07	-656.92
-143	2362.19	-673.19
-143	2418.31	-689.45
-143	2474.44	-705.63
-143	2530.56	-721.81
-143	2586.69	-737.98
-143	2642.81	-754.16
-143	2698.93	-770.25
-143	2755.06	-786.34
-143	2811.18	-802.35
-143	2867.30	-818.44
-143	2923.43	-834.44
-143	2979.55	-850.44
-143	3035.67	-866.45
-143	3091.80	-882.45
-143	3147.92	-898.37
-143	3204.04	-914.28
-143	3260.17	-930.29
-143	3316.29	-946.20
-143	3372.42	-962.12
-143	3428.54	-977.95
-143	3484.66	-993.86
-143	3540.79	-1009.78
-143	3596.91	-1025.61
-143	3653.03	-1041.53
-143	3709.16	-1057.36
-143	3765.28	-1073.19
-143	3821.40	-1089.10
-143	3877.53	-1104.93
-143	3933.65	-1120.76
-143	3989.78	-1136.59
-143	4045.90	-1152.33
-143	4102.02	-1168.16
-143	4158.15	-1183.99
-143	4214.27	-1199.82
-143	4270.39	-1215.56
-143	4326.52	-1231.39
-143	4382.64	-1247.14
-143	4438.76	-1262.97
-143	4494.89	-1278.71
-143	4551.01	-1294.54
-143	4607.13	-1310.28
-143	4663.26	-1326.02
-143	4719.38	-1341.85
-143	4775.51	-1357.59
-143	4831.63	-1373.34
-143	4887.75	-1389.08
-143	4943.88	-1404.91
-143	5000.00	-1420.65
-138	5.00	0.00
-138	61.12	0.00
-138	117.25	0.00
-138	173.37	0.00
-138	229.49	0.00
-138	285.62	0.00
-138	341.74	-5.65
-138	397.87	-23.83
-138	453.99	-48.88
-138	510.11	-72.89
-138	566.24	-96.46
-138	622.36	-119.50
-138	678.48	-142.03
-138	734.61	-164.04
-138	790.73	-185.60
-138	846.85	-206.65
-138	902.98	-227.27
-138	959.10	-247.53
-138	1015.22	-267.45
-138	1071.35	-287.02
-138	1127.47	-306.24
-138	1183.60	-325.29
-138	1239.72	-343.99
-138	1295.84	-362.60
-138	1351.97	-380.95
-138	1408.09	-399.13
-138	1464.21	-417.13
-138	1520.34	-435.05
-138	1576.46	-452.79
-138	1632.58	-470.45
-138	1688.71	-487.93
-138	1744.83	-505.41
-138	1800.96	-522.72
-138	1857.08	-540.03
-138	1913.20	-557.25
-138	1969.33	-574.38
-138	2025.45	-591.43
-138	2081.57	-608.48
-138	2137.70	-625.44
-138	2193.82	-642.40
-138	2249.94	-659.27
-138	2306.07	-676.06
-138	2362.19	-692.93
-138	2418.31	-709.72
-138	2474.44	-726.42
-138	2530.56	-743.20
-138	2586.69	-759.90
-138	2642.81	-776.51
-138	2698.93	-793.21
-138	2755.06	-809.83
-138	2811.18	-826.44
-138	2867.30	-842.96
-138	2923.43	-859.57
-138	2979.55	-876.10
-138	3035.67	-892.63
-138	3091.80	-909.24
-138	3147.92	-925.68
-138	3204.04	-942.20
-138	3260.17	-958.73
-138	3316.29	-975.16
-138	3372.42	-991.60
-138	3428.54	-1008.13
-138	3484.66	-1024.57
-138	3540.79	-1041.00
-138	3596.91	-1057.44
-138	3653.03	-1073.88
-138	3709.16	-1090.23
-138	3765.28	-1106.67
-138	3821.40	-1123.11
-138	3877.53	-1139.46
-138	3933.65	-1155.90
-138	3989.78	-1172.25
-138	4045.90	-1188.60
-138	4102.02	-1205.04
-138	4158.15	-1221.39
-138	4214.27	-1237.74
-138	4270.39	-1254.09
-138	4326.52	-1270.45
-138	4382.64	-1286.80
-138	4438.76	-1303.15
-138	4494.89	-1319.50
-138	4551.01	-1335.85
-138	4607.13	-1352.20
-138	4663.26	-1368.47
-138	4719.38	-1384.82
-138	4775.51	-1401.17
-138	4831.63	-1417.43
-138	4887.75	-1433.78
-138	4943.88	-1450.14
-138	5000.00	-1466.40
-133	5.00	0.00
-133	61.12	0.00
-133	117.25	0.00
-133	173.37	0.00
-133	229.49	0.00
-133	285.62	0.00
-133	341.74	-7.22
-133	397.87	-27.31
-133	453.99	-52.45
-133	510.11	-76.80
-133	566.24	-100.80
-133	622.36	-124.29
-133	678.48	-147.34
-133	734.61	-169.78
-133	790.73	-191.78
-133	846.85	-213.35
-133	902.98	-234.40
-133	959.10	-255.10
-133	1015.22	-275.45
-133	1071.35	-295.54
-133	1127.47	-315.28
-133	1183.60	-334.77
-133	1239.72	-353.99
-133	1295.84	-373.04
-133	1351.97	-391.91
-133	1408.09	-410.61
-133	1464.21	-429.14
-133	1520.34	-447.49
-133	1576.46	-465.75
-133	1632.58	-483.93
-133	1688.71	-502.02
-133	1744.83	-519.94
-133	1800.96	-537.85
-133	1857.08	-555.68
-133	1913.20	-573.43
-133	1969.33	-591.08
-133	2025.45	-608.74
-133	2081.57	-626.31
-133	2137.70	-643.79
-133	2193.82	-661.27
-133	2249.94	-678.75
-133	2306.07	-696.15
-133	2362.19	-713.54
-133	2418.31	-730.85
-133	2474.44	-748.16
-133	2530.56	-765.47
-133	2586.69	-782.78
-133	2642.81	-800.00
-133	2698.93	-817.22
-133	2755.06	-834.44
-133	2811.18	-851.57
-133	2867.30	-868.71
-133	2923.43	-885.84
-133	2979.55	-902.98
-133	3035.67	-920.11
-133	3091.80	-937.24
-133	3147.92	-954.29
-133	3204.04	-971.42
-133	3260.17	-988.47
-133	3316.29	-1005.52
-133	3372.42	-1022.57
-133	3428.54	-1039.61
-133	3484.66	-1056.66
-133	3540.79	-1073.62
-133	3596.91	-1090.67
-133	3653.03	-1107.71
-133	3709.16	-1124.67
-133	3765.28	-1141.64
-133	3821.40	-1158.68
-133	3877.53	-1175.64
-133	3933.65	-1192.60
-133	3989.78	-1209.56
-133	4045.90	-1226.52
-133	4102.02	-1243.48
-133	4158.15	-1260.44
-133	4214.27	-1277.40
-133	4270.39	-1294.36
-133	4326.52	-1311.32
-133	4382.64	-1328.20
-133	4438.76	-1345.16
-133	4494.89	-1362.03
-133	4551.01	-1378.99
-133	4607.13	-1395.86
-133	4663.26	-1412.82
-133	4719.38	-1429.70
-133	4775.51	-1446.66
-133	4831.63	-1463.53
-133	4887.75	-1480.49
-133	4943.88	-1497.36
-133	5000.00	-1514.24
-127	5.00	0.00
-127	61.12	0.00
-127	117.25	0.00
-127	173.37	0.00
-127	229.49	0.00
-127	285.62	-0.17
-127	341.74	-8.87
-127	397.87	-29.75
-127	453.99	-55.92
-127	510.11	-80.80
-127	566.24	-105.33
-127	622.36	-129.33
-127	678.48	-152.82
-127	734.61	-175.78
-127	790.73	-198.30
-127	846.85	-220.31
-127	902.98	-241.88
-127	959.10	-263.01
-127	1015.22	-283.89
-127	1071.35	-304.41
-127	1127.47	-324.68
-127	1183.60	-344.68
-127	1239.72	-364.43
-127	1295.84	-384.00
-127	1351.97	-403.39
-127	1408.09	-422.53
-127	1464.21	-441.66
-127	1520.34	-460.53
-127	1576.46	-479.41
-127	1632.58	-498.11
-127	1688.71	-516.72
-127	1744.83	-535.24
-127	1800.96	-553.68
-127	1857.08	-572.04
-127	1913.20	-590.39
-127	1969.33	-608.65
-127	2025.45	-626.83
-127	2081.57	-645.01
-127	2137.70	-663.10
-127	2193.82	-681.19
-127	2249.94	-699.19
-127	2306.07	-717.20
-127	2362.19	-735.11
-127	2418.31	-753.03
-127	2474.44	-770.95
-127	2530.56	-788.86
-127	2586.69	-806.69
-127	2642.81	-824.52
-127	2698.93	-842.35
-127	2755.06	-860.10
-127	2811.18	-877.93
-127	2867.30	-895.67
-127	2923.43	-913.41
-127	2979.55	-931.16
-127	3035.67	-948.90
-127	3091.80	-966.55
-127	3147.92	-984.21
-127	3204.04	-1001.95
-127	3260.17	-1019.61
-127	3316.29	-1037.27
-127	3372.42	-1054.92
-127	3428.54	-1072.58
-127	3484.66	-1090.23
-127	3540.79	-1107.80
-127	3596.91	-1125.46
-127	3653.03	-1143.03
-127	3709.16	-1160.68
-127	3765.28	-1178.25
-127	3821.40	-1195.82
-127	3877.53	-1213.39
-127	3933.65	-1230.96
-127	3989.78	-1248.61
-127	4045.90	-1266.18
-127	4102.02	-1283.75
-127	4158.15	-1301.32
-127	4214.27	-1318.80
-127	4270.39	-1336.37
-127	4326.52	-1353.94
-127	4382.64	-1371.51
-127	4438.76	-1388.99
-127	4494.89	-1406.56
-127	4551.01	-1424.13
-127	4607.13	-1441.61
-127	4663.26	-1459.18
-127	4719.38	-1476.66
-127	4775.51	-1494.23
-127	4831.63	-1511.71
-127	4887.75	-1529.20
-127	4943.88	-1546.77
-127	5000.00	-1564.25
-122	5.00	0.00
-122	61.12	0.00
-122	117.25	0.00
-122	173.37	0.00
-122	229.49	0.00
-122	285.62	-0.52
-122	341.74	-10.78
-122	397.87	-32.88
-122	453.99	-59.66
-122	510.11	-85.06
-122	566.24	-110.11
-122	622.36	-134.64
-122	678.48	-158.56
-122	734.61	-182.04
-122	790.73	-205.00
-122	846.85	-227.53
-122	902.98	-249.62
-122	959.10	-271.28
-122	1015.22	-292.67
-122	1071.35	-313.72
-122	1127.47	-334.51
-122	1183.60	-355.03
-122	1239.72	-375.30
-122	1295.84	-395.39
-122	1351.97	-415.39
-122	1408.09	-435.14
-122	1464.21	-454.79
-122	1520.34	-474.28
-122	1576.46	-493.67
-122	1632.58	-512.98
-122	1688.71	-532.11
-122	1744.83	-551.25
-122	1800.96	-570.30
-122	1857.08	-589.26
-122	1913.20	-608.13
-122	1969.33	-627.00
-122	2025.45	-645.79
-122	2081.57	-664.58
-122	2137.70	-683.28
-122	2193.82	-701.98
-122	2249.94	-720.59
-122	2306.07	-739.20
-122	2362.19	-757.73
-122	2418.31	-776.34
-122	2474.44	-794.87
-122	2530.56	-813.30
-122	2586.69	-831.83
-122	2642.81	-850.27
-122	2698.93	-868.71
-122	2755.06	-887.06
-122	2811.18	-905.50
-122	2867.30	-923.85
-122	2923.43	-942.29
-122	2979.55	-960.64
-122	3035.67	-978.99
-122	3091.80	-997.26
-122	3147.92	-1015.61
-122	3204.04	-1033.87
-122	3260.17	-1052.22
-122	3316.29	-1070.49
-122	3372.42	-1088.75
-122	3428.54	-1107.02
-122	3484.66	-1125.28
-122	3540.79	-1143.55
-122	3596.91	-1161.81
-122	3653.03	-1180.08
-122	3709.16	-1198.34
-122	3765.28	-1216.52
-122	3821.40	-1234.79
-122	3877.53	-1252.96
-122	3933.65	-1271.23
-122	3989.78	-1289.41
-122	4045.90	-1307.58
-122	4102.02	-1325.85
-122	4158.15	-1344.03
-122	4214.27	-1362.20
-122	4270.39	-1380.38
-122	4326.52	-1398.56
-122	4382.64	-1416.74
-122	4438.76	-1434.92
-122	4494.89	-1453.09
-122	4551.01	-1471.27
-122	4607.13	-1489.45
-122	4663.26	-1507.63
-122	4719.38	-1525.80
-122	4775.51	-1543.89
-122	4831.63	-1562.07
-122	4887.75	-1580.25
-122	4943.88	-1598.34
-122	5000.00	-1616.52
-117	5.00	0.00
-117	61.12	0.00
-117	117.25	0.00
-117	173.37	0.00
-117	229.49	0.00
-117	285.62	-1.04
-117	341.74	-12.87
-117	397.87	-36.27
-117	453.99	-63.49
-117	510.11	-89.50
-117	566.24	-115.07
-117	622.36	-140.12
-117	678.48	-164.64
-117	734.61	-188.56
-117	790.73	-212.05
-117	846.85	-235.09
-117	902.98	-257.71
-117	959.10	-279.97
-117	1015.22	-301.89
-117	1071.35	-323.46
-117	1127.47	-344.77
-117	1183.60	-365.90
-117	1239.72	-386.78
-117	1295.84	-407.39
-117	1351.97	-427.92
-117	1408.09	-448.27
-117	1464.21	-468.53
-117	1520.34	-488.63
-117	1576.46	-508.63
-117	1632.58	-528.55
-117	1688.71	-548.29
-117	1744.83	-568.03
-117	1800.96	-587.69
-117	1857.08	-607.26
-117	1913.20	-626.83
-117	1969.33	-646.31
-117	2025.45	-665.71
-117	2081.57	-685.10
-117	2137.70	-704.50
-117	2193.82	-723.81
-117	2249.94	-743.03
-117	2306.07	-762.25
-117	2362.19	-781.47
-117	2418.31	-800.69
-117	2474.44	-819.83
-117	2530.56	-838.96
-117	2586.69	-858.10
-117	2642.81	-877.23
-117	2698.93	-896.28
-117	2755.06	-915.33
-117	2811.18	-934.37
-117	2867.30	-953.42
-117	2923.43	-972.47
-117	2979.55	-991.43
-117	3035.67	-1010.48
-117	3091.80	-1029.44
-117	3147.92	-1048.40
-117	3204.04	-1067.36
-117	3260.17	-1086.32
-117	3316.29	-1105.28
-117	3372.42	-1124.24
-117	3428.54	-1143.20
-117	3484.66	-1162.07
-117	3540.79	-1181.03
-117	3596.91	-1199.91
-117	3653.03	-1218.78
-117	3709.16	-1237.74
-117	3765.28	-1256.62
-117	3821.40	-1275.49
-117	3877.53	-1294.36
-117	3933.65	-1313.24
-117	3989.78	-1332.11
-117	4045.90	-1350.98
-117	4102.02	-1369.86
-117	4158.15	-1388.73
-117	4214.27	-1407.52
-117	4270.39	-1426.39
-117	4326.52	-1445.27
-117	4382.64	-1464.14
-117	4438.76	-1482.93
-117	4494.89	-1501.80
-117	4551.01	-1520.59
-117	4607.13	-1539.46
-117	4663.26	-1558.25
-117	4719.38	-1577.12
-117	4775.51	-1595.91
-117	4831.63	-1614.69
-117	4887.75	-1633.57
-117	4943.88	-1652.35
-117	5000.00	-1671.14
-112	5.00	0.00
-112	61.12	0.00
-112	117.25	0.00
-112	173.37	0.00
-112	229.49	0.00
-112	285.62	-1.83
-112	341.74	-15.13
-112	397.87	-39.83
-112	453.99	-67.49
-112	510.11	-94.11
-112	566.24	-120.20
-112	622.36	-145.86
-112	678.48	-170.91
-112	734.61	-195.43
-112	790.73	-219.44
-112	846.85	-243.01
-112	902.98	-266.23
-112	959.10	-289.02
-112	1015.22	-311.46
-112	1071.35	-333.64
-112	1127.47	-355.55
-112	1183.60	-377.30
-112	1239.72	-398.69
-112	1295.84	-420.00
-112	1351.97	-441.14
-112	1408.09	-462.10
-112	1464.21	-482.97
-112	1520.34	-503.67
-112	1576.46	-524.29
-112	1632.58	-544.81
-112	1688.71	-565.25
-112	1744.83	-585.69
-112	1800.96	-605.96
-112	1857.08	-626.22
-112	1913.20	-646.40
-112	1969.33	-666.49
-112	2025.45	-686.58
-112	2081.57	-706.67
-112	2137.70	-726.68
-112	2193.82	-746.59
-112	2249.94	-766.60
-112	2306.07	-786.52
-112	2362.19	-806.35
-112	2418.31	-826.26
-112	2474.44	-846.09
-112	2530.56	-865.92
-112	2586.69	-885.67
-112	2642.81	-905.50
-112	2698.93	-925.24
-112	2755.06	-944.98
-112	2811.18	-964.73
-112	2867.30	-984.38
-112	2923.43	-1004.13
-112	2979.55	-1023.78
-112	3035.67	-1043.53
-112	3091.80	-1063.18
-112	3147.92	-1082.84
-112	3204.04	-1102.50
-112	3260.17	-1122.15
-112	3316.29	-1141.72
-112	3372.42	-1161.38
-112	3428.54	-1181.03
-112	3484.66	-1200.60
-112	3540.79	-1220.17
-112	3596.91	-1239.83
-112	3653.03	-1259.40
-112	3709.16	-1278.97
-112	3765.28	-1298.54
-112	3821.40	-1318.11
-112	3877.53	-1337.68
-112	3933.65	-1357.25
-112	3989.78	-1376.82
-112	4045.90	-1396.39
-112	4102.02	-1415.95
-112	4158.15	-1435.52
-112	4214.27	-1455.01
-112	4270.39	-1474.58
-112	4326.52	-1494.15
-112	4382.64	-1513.63
-112	4438.76	-1533.20
-112	4494.89	-1552.68
-112	4551.01	-1572.25
-112	4607.13	-1591.73
-112	4663.26	-1611.30
-112	4719.38	-1630.78
-112	4775.51	-1650.35
-112	4831.63	-1669.83
-112	4887.75	-1689.32
-112	4943.88	-1708.89
-112	5000.00	-1728.37
-107	5.00	0.00
-107	61.12	0.00
-107	117.25	0.00
-107	173.37	0.00
-107	229.49	0.00
-107	285.62	-3.13
-107	341.74	-17.57
-107	397.87	-43.40
-107	453.99	-71.75
-107	510.11	-98.89
-107	566.24	-125.59
-107	622.36	-151.77
-107	678.48	-177.43
-107	734.61	-202.57
-107	790.73	-227.18
-107	846.85	-251.36
-107	902.98	-275.10
-107	959.10	-298.50
-107	1015.22	-321.55
-107	1071.35	-344.33
-107	1127.47	-366.86
-107	1183.60	-389.21
-107	1239.72	-411.31
-107	1295.84	-433.22
-107	1351.97	-454.97
-107	1408.09	-476.62
-107	1464.21	-498.11
-107	1520.34	-519.50
-107	1576.46	-540.81
-107	1632.58	-561.95
-107	1688.71	-583.08
-107	1744.83	-604.13
-107	1800.96	-625.09
-107	1857.08	-646.05
-107	1913.20	-666.93
-107	1969.33	-687.71
-107	2025.45	-708.50
-107	2081.57	-729.29
-107	2137.70	-749.99
-107	2193.82	-770.69
-107	2249.94	-791.30
-107	2306.07	-811.91
-107	2362.19	-832.53
-107	2418.31	-853.05
-107	2474.44	-873.58
-107	2530.56	-894.10
-107	2586.69	-914.63
-107	2642.81	-935.16
-107	2698.93	-955.60
-107	2755.06	-976.03
-107	2811.18	-996.47
-107	2867.30	-1016.91
-107	2923.43	-1037.35
-107	2979.55	-1057.79
-107	3035.67	-1078.14
-107	3091.80	-1098.50
-107	3147.92	-1118.93
-107	3204.04	-1139.29
-107	3260.17	-1159.64
-107	3316.29	-1179.99
-107	3372.42	-1200.34
-107	3428.54	-1220.61
-107	3484.66	-1240.96
-107	3540.79	-1261.31
-107	3596.91	-1281.58
-107	3653.03	-1301.93
-107	3709.16	-1322.20
-107	3765.28	-1342.55
-107	3821.40	-1362.81
-107	3877.53	-1383.16
-107	3933.65	-1403.43
-107	3989.78	-1423.70
-107	4045.90	-1443.96
-107	4102.02	-1464.23
-107	4158.15	-1484.49
-107	4214.27	-1504.76
-107	4270.39	-1525.11
-107	4326.52	-1545.37
-107	4382.64	-1565.55
-107	4438.76	-1585.82
-107	4494.89	-1606.08
-107	4551.01	-1626.35
-107	4607.13	-1646.53
-107	4663.26	-1666.79
-107	4719.38	-1687.06
-107	4775.51	-1707.32
-107	4831.63	-1727.50
-107	4887.75	-1747.76
-107	4943.88	-1768.03
-107	5000.00	-1788.21
-102	5.00	0.00
-102	61.12	0.00
-102	117.25	0.00
-102	173.37	0.00
-102	229.49	0.00
-102	285.62	-3.91
-102	341.74	-20.18
-102	397.87	-47.40
-102	453.99	-76.10
-102	510.11	-103.94
-102	566.24	-131.25
-102	622.36	-158.03
-102	678.48	-184.30
-102	734.61	-210.04
-102	790.73	-235.27
-102	846.85	-260.06
-102	902.98	-284.41
-102	959.10	-308.41
-102	1015.22	-332.16
-102	1071.35	-355.55
-102	1127.47	-378.78
-102	1183.60	-401.74
-102	1239.72	-424.53
-102	1295.84	-447.05
-102	1351.97	-469.49
-102	1408.09	-491.84
-102	1464.21	-514.02
-102	1520.34	-536.11
-102	1576.46	-558.12
-102	1632.58	-579.95
-102	1688.71	-601.78
-102	1744.83	-623.61
-102	1800.96	-645.27
-102	1857.08	-666.93
-102	1913.20	-688.49
-102	1969.33	-710.06
-102	2025.45	-731.55
-102	2081.57	-753.03
-102	2137.70	-774.43
-102	2193.82	-795.91
-102	2249.94	-817.22
-102	2306.07	-838.61
-102	2362.19	-859.92
-102	2418.31	-881.23
-102	2474.44	-902.54
-102	2530.56	-923.76
-102	2586.69	-944.98
-102	2642.81	-966.21
-102	2698.93	-987.43
-102	2755.06	-1008.65
-102	2811.18	-1029.87
-102	2867.30	-1051.01
-102	2923.43	-1072.14
-102	2979.55	-1093.36
-102	3035.67	-1114.50
-102	3091.80	-1135.63
-102	3147.92	-1156.77
-102	3204.04	-1177.82
-102	3260.17	-1198.95
-102	3316.29	-1220.09
-102	3372.42	-1241.13
-102	3428.54	-1262.27
-102	3484.66	-1283.32
-102	3540.79	-1304.37
-102	3596.91	-1325.41
-102	3653.03	-1346.55
-102	3709.16	-1367.60
-102	3765.28	-1388.64
-102	3821.40	-1409.69
-102	3877.53	-1430.74
-102	3933.65	-1451.79
-102	3989.78	-1472.84
-102	4045.90	-1493.88
-102	4102.02	-1514.85
-102	4158.15	-1535.89
-102	4214.27	-1556.94
-102	4270.39	-1577.90
-102	4326.52	-1598.95
-102	4382.64	-1619.91
-102	4438.76	-1640.96
-102	4494.89	-1661.92
-102	4551.01	-1682.97
-102	4607.13	-1704.02
-102	4663.26	-1724.98
-102	4719.38	-1745.94
-102	4775.51	-1766.99
-102	4831.63	-1787.95
-102	4887.75	-1808.91
-102	4943.88	-1829.96
-102	5000.00	-1850.92
-97	5.00	0.00
-97	61.12	0.00
-97	117.25	0.00
-97	173.37	0.00
-97	229.49	0.00
-97	285.62	-5.31
-97	341.74	-23.05
-97	397.87	-51.40
-97	453.99	-80.71
-97	510.11	-109.24
-97	566.24	-137.16
-97	622.36	-164.64
-97	678.48	-191.52
-97	734.61	-217.87
-97	790.73	-243.79
-97	846.85	-269.19
-97	902.98	-294.24
-97	959.10	-318.94
-97	1015.22	-343.29
-97	1071.35	-367.38
-97	1127.47	-391.21
-97	1183.60	-414.87
-97	1239.72	-438.35
-97	1295.84	-461.66
-97	1351.97	-484.80
-97	1408.09	-507.85
-97	1464.21	-530.72
-97	1520.34	-553.60
-97	1576.46	-576.30
-97	1632.58	-598.91
-97	1688.71	-621.52
-97	1744.83	-643.96
-97	1800.96	-666.49
-97	1857.08	-688.84
-97	1913.20	-711.20
-97	1969.33	-733.55
-97	2025.45	-755.73
-97	2081.57	-777.99
-97	2137.70	-800.17
-97	2193.82	-822.35
-97	2249.94	-844.53
-97	2306.07	-866.62
-97	2362.19	-888.71
-97	2418.31	-910.80
-97	2474.44	-932.89
-97	2530.56	-954.90
-97	2586.69	-976.90
-97	2642.81	-998.91
-97	2698.93	-1020.91
-97	2755.06	-1042.92
-97	2811.18	-1064.84
-97	2867.30	-1086.84
-97	2923.43	-1108.76
-97	2979.55	-1130.68
-97	3035.67	-1152.59
-97	3091.80	-1174.51
-97	3147.92	-1196.43
-97	3204.04	-1218.35
-97	3260.17	-1240.26
-97	3316.29	-1262.10
-97	3372.42	-1284.01
-97	3428.54	-1305.84
-97	3484.66	-1327.76
-97	3540.79	-1349.59
-97	3596.91	-1371.42
-97	3653.03	-1393.34
-97	3709.16	-1415.17
-97	3765.28	-1437.00
-97	3821.40	-1458.83
-97	3877.53	-1480.66
-97	3933.65	-1502.49
-97	3989.78	-1524.33
-97	4045.90	-1546.07
-97	4102.02	-1567.90
-97	4158.15	-1589.73
-97	4214.27	-1611.56
-97	4270.39	-1633.39
-97	4326.52	-1655.14
-97	4382.64	-1676.97
-97	4438.76	-1698.80
-97	4494.89	-1720.54
-97	4551.01	-1742.37
-97	4607.13	-1764.12
-97	4663.26	-1785.95
-97	4719.38	-1807.69
-97	4775.51	-1829.52
-97	4831.63	-1851.26
-97	4887.75	-1873.10
-97	4943.88	-1894.84
-97	5000.00	-1916.67
-92	5.00	0.00
-92	61.12	0.00
-92	117.25	0.00
-92	173.37	0.00
-92	229.49	0.00
-92	285.62	-6.87
-92	341.74	-26.09
-92	397.87	-55.58
-92	453.99	-85.58
-92	510.11	-114.72
-92	566.24	-143.42
-92	622.36	-171.51
-92	678.48	-199.09
-92	734.61	-226.14
-92	790.73	-252.66
-92	846.85	-278.76
-92	902.98	-304.50
-92	959.10	-329.90
-92	1015.22	-354.95
-92	1071.35	-379.73
-92	1127.47	-404.35
-92	1183.60	-428.70
-92	1239.72	-452.97
-92	1295.84	-476.97
-92	1351.97	-500.89
-92	1408.09	-524.72
-92	1464.21	-548.38
-92	1520.34	-571.95
-92	1576.46	-595.43
-92	1632.58	-618.83
-92	1688.71	-642.22
-92	1744.83	-665.53
-92	1800.96	-688.76
-92	1857.08	-711.89
-92	1913.20	-735.03
-92	1969.33	-758.16
-92	2025.45	-781.21
-92	2081.57	-804.26
-92	2137.70	-827.31
-92	2193.82	-850.27
-92	2249.94	-873.23
-92	2306.07	-896.10
-92	2362.19	-919.07
-92	2418.31	-941.94
-92	2474.44	-964.81
-92	2530.56	-987.60
-92	2586.69	-1010.48
-92	2642.81	-1033.26
-92	2698.93	-1056.05
-92	2755.06	-1078.93
-92	2811.18	-1101.71
-92	2867.30	-1124.41
-92	2923.43	-1147.20
-92	2979.55	-1169.99
-92	3035.67	-1192.69
-92	3091.80	-1215.39
-92	3147.92	-1238.18
-92	3204.04	-1260.88
-92	3260.17	-1283.58
-92	3316.29	-1306.28
-92	3372.42	-1328.98
-92	3428.54	-1351.68
-92	3484.66	-1374.38
-92	3540.79	-1397.08
-92	3596.91	-1419.78
-92	3653.03	-1442.40
-92	3709.16	-1465.10
-92	3765.28	-1487.71
-92	3821.40	-1510.41
-92	3877.53	-1533.02
-92	3933.65	-1555.72
-92	3989.78	-1578.34
-92	4045.90	-1600.95
-92	4102.02	-1623.65
-92	4158.15	-1646.26
-92	4214.27	-1668.88
-92	4270.39	-1691.58
-92	4326.52	-1714.19
-92	4382.64	-1736.81
-92	4438.76	-1759.42
-92	4494.89	-1782.12
-92	4551.01	-1804.73
-92	4607.13	-1827.26
-92	4663.26	-1849.87
-92	4719.38	-1872.49
-92	4775.51	-1895.10
-92	4831.63	-1917.71
-92	4887.75	-1940.33
-92	4943.88	-1962.94
-92	5000.00	-1985.55
-87	5.00	0.00
-87	61.12	0.00
-87	117.25	0.00
-87	173.37	0.00
-87	229.49	-0.17
-87	285.62	-8.78
-87	341.74	-29.40
-87	397.87	-59.93
-87	453.99	-90.63
-87	510.11	-120.55
-87	566.24	-149.95
-87	622.36	-178.73
-87	678.48	-207.00
-87	734.61	-234.75
-87	790.73	-261.97
-87	846.85	-288.84
-87	902.98	-315.28
-87	959.10	-341.38
-87	1015.22	-367.21
-87	1071.35	-392.78
-87	1127.47	-418.18
-87	1183.60	-443.31
-87	1239.72	-468.27
-87	1295.84	-493.15
-87	1351.97	-517.85
-87	1408.09	-542.46
-87	1464.21	-566.90
-87	1520.34	-591.26
-87	1576.46	-615.61
-87	1632.58	-639.88
-87	1688.71	-664.05
-87	1744.83	-688.15
-87	1800.96	-712.24
-87	1857.08	-736.24
-87	1913.20	-760.16
-87	1969.33	-784.17
-87	2025.45	-808.09
-87	2081.57	-831.92
-87	2137.70	-855.75
-87	2193.82	-879.58
-87	2249.94	-903.41
-87	2306.07	-927.15
-87	2362.19	-950.90
-87	2418.31	-974.64
-87	2474.44	-998.39
-87	2530.56	-1022.04
-87	2586.69	-1045.79
-87	2642.81	-1069.45
-87	2698.93	-1093.10
-87	2755.06	-1116.76
-87	2811.18	-1140.33
-87	2867.30	-1163.99
-87	2923.43	-1187.64
-87	2979.55	-1211.22
-87	3035.67	-1234.79
-87	3091.80	-1258.44
-87	3147.92	-1282.01
-87	3204.04	-1305.58
-87	3260.17	-1329.15
-87	3316.29	-1352.72
-87	3372.42	-1376.29
-87	3428.54	-1399.86
-87	3484.66	-1423.35
-87	3540.79	-1446.92
-87	3596.91	-1470.49
-87	3653.03	-1493.97
-87	3709.16	-1517.54
-87	3765.28	-1541.02
-87	3821.40	-1564.60
-87	3877.53	-1588.08
-87	3933.65	-1611.56
-87	3989.78	-1635.13
-87	4045.90	-1658.62
-87	4102.02	-1682.10
-87	4158.15	-1705.67
-87	4214.27	-1729.15
-87	4270.39	-1752.64
-87	4326.52	-1776.12
-87	4382.64	-1799.60
-87	4438.76	-1823.09
-87	4494.89	-1846.57
-87	4551.01	-1870.05
-87	4607.13	-1893.53
-87	4663.26	-1917.02
-87	4719.38	-1940.50
-87	4775.51	-1963.98
-87	4831.63	-1987.47
-87	4887.75	-2010.95
-87	4943.88	-2034.43
-87	5000.00	-2057.92
-81	5.00	0.00
-81	61.12	0.00
-81	117.25	0.00
-81	173.37	0.00
-81	229.49	-0.52
-81	285.62	-10.78
-81	341.74	-32.96
-81	397.87	-64.80
-81	453.99	-96.02
-81	510.11	-126.64
-81	566.24	-156.82
-81	622.36	-186.39
-81	678.48	-215.35
-81	734.61	-243.88
-81	790.73	-271.88
-81	846.85	-299.46
-81	902.98	-326.68
-81	959.10	-353.55
-81	1015.22	-380.17
-81	1071.35	-406.52
-81	1127.47	-432.70
-81	1183.60	-458.71
-81	1239.72	-484.54
-81	1295.84	-510.20
-81	1351.97	-535.68
-81	1408.09	-561.16
-81	1464.21	-586.47
-81	1520.34	-611.70
-81	1576.46	-636.83
-81	1632.58	-661.97
-81	1688.71	-687.02
-81	1744.83	-711.98
-81	1800.96	-736.94
-81	1857.08	-761.81
-81	1913.20	-786.69
-81	1969.33	-811.48
-81	2025.45	-836.27
-81	2081.57	-861.05
-81	2137.70	-885.75
-81	2193.82	-910.46
-81	2249.94	-935.16
-81	2306.07	-959.86
-81	2362.19	-984.47
-81	2418.31	-1009.09
-81	2474.44	-1033.70
-81	2530.56	-1058.31
-81	2586.69	-1082.93
-81	2642.81	-1107.45
-81	2698.93	-1131.98
-81	2755.06	-1156.59
-81	2811.18	-1181.12
-81	2867.30	-1205.65
-81	2923.43	-1230.18
-81	2979.55	-1254.62
-81	3035.67	-1279.14
-81	3091.80	-1303.67
-81	3147.92	-1328.11
-81	3204.04	-1352.64
-81	3260.17	-1377.08
-81	3316.29	-1401.52
-81	3372.42	-1426.04
-81	3428.54	-1450.48
-81	3484.66	-1474.92
-81	3540.79	-1499.36
-81	3596.91	-1523.80
-81	3653.03	-1548.24
-81	3709.16	-1572.68
-81	3765.28	-1597.12
-81	3821.40	-1621.48
-81	3877.53	-1645.92
-81	3933.65	-1670.36
-81	3989.78	-1694.80
-81	4045.90	-1719.15
-81	4102.02	-1743.59
-81	4158.15	-1768.03
-81	4214.27	-1792.38
-81	4270.39	-1816.82
-81	4326.52	-1841.18
-81	4382.64	-1865.62
-81	4438.76	-1889.97
-81	4494.89	-1914.41
-81	4551.01	-1938.76
-81	4607.13	-1963.11
-81	4663.26	-1987.55
-81	4719.38	-2011.91
-81	4775.51	-2036.26
-81	4831.63	-2060.70
-81	4887.75	-2085.05
-81	4943.88	-2109.49
-81	5000.00	-2133.85
-76	5.00	0.00
-76	61.12	0.00
-76	117.25	0.00
-76	173.37	0.00
-76	229.49	-1.13
-76	285.62	-13.13
-76	341.74	-36.70
-76	397.87	-69.58
-76	453.99	-101.41
-76	510.11	-132.98
-76	566.24	-164.04
-76	622.36	-194.39
-76	678.48	-224.13
-76	734.61	-253.45
-76	790.73	-282.23
-76	846.85	-310.59
-76	902.98	-338.68
-76	959.10	-366.43
-76	1015.22	-393.82
-76	1071.35	-421.05
-76	1127.47	-448.10
-76	1183.60	-474.88
-76	1239.72	-501.59
-76	1295.84	-528.11
-76	1351.97	-554.55
-76	1408.09	-580.91
-76	1464.21	-607.09
-76	1520.34	-633.27
-76	1576.46	-659.27
-76	1632.58	-685.28
-76	1688.71	-711.28
-76	1744.83	-737.20
-76	1800.96	-763.03
-76	1857.08	-788.86
-76	1913.20	-814.61
-76	1969.33	-840.35
-76	2025.45	-866.10
-76	2081.57	-891.76
-76	2137.70	-917.41
-76	2193.82	-943.07
-76	2249.94	-968.64
-76	2306.07	-994.30
-76	2362.19	-1019.87
-76	2418.31	-1045.44
-76	2474.44	-1070.92
-76	2530.56	-1096.50
-76	2586.69	-1122.07
-76	2642.81	-1147.55
-76	2698.93	-1173.03
-76	2755.06	-1198.52
-76	2811.18	-1224.00
-76	2867.30	-1249.48
-76	2923.43	-1274.88
-76	2979.55	-1300.36
-76	3035.67	-1325.85
-76	3091.80	-1351.25
-76	3147.92	-1376.73
-76	3204.04	-1402.13
-76	3260.17	-1427.52
-76	3316.29	-1452.92
-76	3372.42	-1478.32
-76	3428.54	-1503.71
-76	3484.66	-1529.11
-76	3540.79	-1554.51
-76	3596.91	-1579.90
-76	3653.03	-1605.30
-76	3709.16	-1630.70
-76	3765.28	-1656.09
-76	3821.40	-1681.49
-76	3877.53	-1706.80
-76	3933.65	-1732.20
-76	3989.78	-1757.59
-76	4045.90	-1782.90
-76	4102.02	-1808.30
-76	4158.15	-1833.61
-76	4214.27	-1858.92
-76	4270.39	-1884.32
-76	4326.52	-1909.63
-76	4382.64	-1935.02
-76	4438.76	-1960.33
-76	4494.89	-1985.73
-76	4551.01	-2011.04
-76	4607.13	-2036.35
-76	4663.26	-2061.74
-76	4719.38	-2087.05
-76	4775.51	-2112.36
-76	4831.63	-2137.67
-76	4887.75	-2162.98
-76	4943.88	-2188.38
-76	5000.00	-2213.69
-71	5.00	0.00
-71	61.12	0.00
-71	117.25	0.00
-71	173.37	0.00
-71	229.49	-2.00
-71	285.62	-15.66
-71	341.74	-40.70
-71	397.87	-74.54
-71	453.99	-107.33
-71	510.11	-139.60
-71	566.24	-171.60
-71	622.36	-202.83
-71	678.48	-233.44
-71	734.61	-263.53
-71	790.73	-293.19
-71	846.85	-322.42
-71	902.98	-351.29
-71	959.10	-379.91
-71	1015.22	-408.26
-71	1071.35	-436.35
-71	1127.47	-464.27
-71	1183.60	-492.02
-71	1239.72	-519.68
-71	1295.84	-547.07
-71	1351.97	-574.47
-71	1408.09	-601.69
-71	1464.21	-628.92
-71	1520.34	-655.97
-71	1576.46	-683.02
-71	1632.58	-709.98
-71	1688.71	-736.85
-71	1744.83	-763.73
-71	1800.96	-790.60
-71	1857.08	-817.39
-71	1913.20	-844.09
-71	1969.33	-870.79
-71	2025.45	-897.50
-71	2081.57	-924.20
-71	2137.70	-950.81
-71	2193.82	-977.43
-71	2249.94	-1004.04
-71	2306.07	-1030.65
-71	2362.19	-1057.18
-71	2418.31	-1083.71
-71	2474.44	-1110.24
-71	2530.56	-1136.76
-71	2586.69	-1163.29
-71	2642.81	-1189.82
-71	2698.93	-1216.26
-71	2755.06	-1242.79
-71	2811.18	-1269.23
-71	2867.30	-1295.67
-71	2923.43	-1322.11
-71	2979.55	-1348.55
-71	3035.67	-1374.99
-71	3091.80	-1401.43
-71	3147.92	-1427.87
-71	3204.04	-1454.31
-71	3260.17	-1480.66
-71	3316.29	-1507.10
-71	3372.42	-1533.46
-71	3428.54	-1559.90
-71	3484.66	-1586.25
-71	3540.79	-1612.69
-71	3596.91	-1639.05
-71	3653.03	-1665.40
-71	3709.16	-1691.84
-71	3765.28	-1718.19
-71	3821.40	-1744.55
-71	3877.53	-1770.90
-71	3933.65	-1797.25
-71	3989.78	-1823.61
-71	4045.90	-1849.96
-71	4102.02	-1876.31
-71	4158.15	-1902.67
-71	4214.27	-1929.02
-71	4270.39	-1955.46
-71	4326.52	-1981.81
-71	4382.64	-2008.17
-71	4438.76	-2034.43
-71	4494.89	-2060.79
-71	4551.01	-2087.14
-71	4607.13	-2113.41
-71	4663.26	-2139.76
-71	4719.38	-2166.11
-71	4775.51	-2192.38
-71	4831.63	-2218.73
-71	4887.75	-2245.09
-71	4943.88	-2271.35
-71	5000.00	-2297.71
-66	5.00	0.00
-66	61.12	0.00
-66	117.25	0.00
-66	173.37	0.00
-66	229.49	-3.22
-66	285.62	-18.61
-66	341.74	-44.97
-66	397.87	-79.76
-66	453.99	-113.59
-66	510.11	-146.81
-66	566.24	-179.69
-66	622.36	-211.70
-66	678.48	-243.18
-66	734.61	-274.23
-66	790.73	-304.76
-66	846.85	-334.94
-66	902.98	-364.69
-66	959.10	-394.26
-66	1015.22	-423.57
-66	1071.35	-452.62
-66	1127.47	-481.49
-66	1183.60	-510.20
-66	1239.72	-538.72
-66	1295.84	-567.16
-66	1351.97	-595.52
-66	1408.09	-623.79
-66	1464.21	-651.97
-66	1520.34	-680.06
-66	1576.46	-708.06
-66	1632.58	-736.07
-66	1688.71	-763.99
-66	1744.83	-791.82
-66	1800.96	-819.74
-66	1857.08	-847.49
-66	1913.20	-875.32
-66	1969.33	-903.06
-66	2025.45	-930.72
-66	2081.57	-958.47
-66	2137.70	-986.12
-66	2193.82	-1013.78
-66	2249.94	-1041.35
-66	2306.07	-1069.01
-66	2362.19	-1096.58
-66	2418.31	-1124.15
-66	2474.44	-1151.72
-66	2530.56	-1179.30
-66	2586.69	-1206.87
-66	2642.81	-1234.44
-66	2698.93	-1261.92
-66	2755.06	-1289.41
-66	2811.18	-1316.98
-66	2867.30	-1344.46
-66	2923.43	-1371.95
-66	2979.55	-1399.43
-66	3035.67	-1426.91
-66	3091.80	-1454.40
-66	3147.92	-1481.79
-66	3204.04	-1509.28
-66	3260.17	-1536.76
-66	3316.29	-1564.16
-66	3372.42	-1591.64
-66	3428.54	-1619.13
-66	3484.66	-1646.53
-66	3540.79	-1674.01
-66	3596.91	-1701.41
-66	3653.03	-1728.80
-66	3709.16	-1756.20
-66	3765.28	-1783.60
-66	3821.40	-1811.08
-66	3877.53	-1838.48
-66	3933.65	-1865.88
-66	3989.78	-1893.27
-66	4045.90	-1920.67
-66	4102.02	-1948.07
-66	4158.15	-1975.47
-66	4214.27	-2002.86
-66	4270.39	-2030.26
-66	4326.52	-2057.66
-66	4382.64	-2085.05
-66	4438.76	-2112.45
-66	4494.89	-2139.85
-66	4551.01	-2167.25
-66	4607.13	-2194.64
-66	4663.26	-2222.04
-66	4719.38	-2249.35
-66	4775.51	-2276.75
-66	4831.63	-2304.14
-66	4887.75	-2331.54
-66	4943.88	-2358.94
-66	5000.00	-2386.34
-61	5.00	0.00
-61	61.12	0.00
-61	117.25	0.00
-61	173.37	0.00
-61	229.49	-4.61
-61	285.62	-21.92
-61	341.74	-49.75
-61	397.87	-85.15
-61	453.99	-120.20
-61	510.11	-154.55
-61	566.24	-188.13
-61	622.36	-221.09
-61	678.48	-253.53
-61	734.61	-285.45
-61	790.73	-317.02
-61	846.85	-348.07
-61	902.98	-378.86
-61	959.10	-409.39
-61	1015.22	-439.66
-61	1071.35	-469.75
-61	1127.47	-499.67
-61	1183.60	-529.33
-61	1239.72	-558.99
-61	1295.84	-588.47
-61	1351.97	-617.87
-61	1408.09	-647.18
-61	1464.21	-676.41
-61	1520.34	-705.54
-61	1576.46	-734.59
-61	1632.58	-763.64
-61	1688.71	-792.69
-61	1744.83	-821.57
-61	1800.96	-850.53
-61	1857.08	-879.41
-61	1913.20	-908.28
-61	1969.33	-937.07
-61	2025.45	-965.86
-61	2081.57	-994.65
-61	2137.70	-1023.44
-61	2193.82	-1052.14
-61	2249.94	-1080.84
-61	2306.07	-1109.54
-61	2362.19	-1138.24
-61	2418.31	-1166.94
-61	2474.44	-1195.56
-61	2530.56	-1224.26
-61	2586.69	-1252.88
-61	2642.81	-1281.49
-61	2698.93	-1310.11
-61	2755.06	-1338.72
-61	2811.18	-1367.34
-61	2867.30	-1395.95
-61	2923.43	-1424.57
-61	2979.55	-1453.09
-61	3035.67	-1481.71
-61	3091.80	-1510.24
-61	3147.92	-1538.85
-61	3204.04	-1567.38
-61	3260.17	-1595.99
-61	3316.29	-1624.52
-61	3372.42	-1653.05
-61	3428.54	-1681.66
-61	3484.66	-1710.10
-61	3540.79	-1738.63
-61	3596.91	-1767.16
-61	3653.03	-1795.69
-61	3709.16	-1824.22
-61	3765.28	-1852.74
-61	3821.40	-1881.27
-61	3877.53	-1909.80
-61	3933.65	-1938.33
-61	3989.78	-1966.85
-61	4045.90	-1995.30
-61	4102.02	-2023.82
-61	4158.15	-2052.26
-61	4214.27	-2080.79
-61	4270.39	-2109.32
-61	4326.52	-2137.76
-61	4382.64	-2166.29
-61	4438.76	-2194.73
-61	4494.89	-2223.26
-61	4551.01	-2251.79
-61	4607.13	-2280.23
-61	4663.26	-2308.75
-61	4719.38	-2337.28
-61	4775.51	-2365.72
-61	4831.63	-2394.25
-61	4887.75	-2422.69
-61	4943.88	-2451.22
-61	5000.00	-2479.75
-56	5.00	0.00
-56	61.12	0.00
-56	117.25	0.00
-56	173.37	0.00
-56	229.49	-6.44
-56	285.62	-25.22
-56	341.74	-54.27
-56	397.87	-90.89
-56	453.99	-127.42
-56	510.11	-162.56
-56	566.24	-197.09
-56	622.36	-231.09
-56	678.48	-264.49
-56	734.61	-297.45
-56	790.73	-329.98
-56	846.85	-362.08
-56	902.98	-393.91
-56	959.10	-425.48
-56	1015.22	-456.79
-56	1071.35	-487.93
-56	1127.47	-518.89
-56	1183.60	-549.77
-56	1239.72	-580.38
-56	1295.84	-611.00
-56	1351.97	-641.53
-56	1408.09	-671.88
-56	1464.21	-702.24
-56	1520.34	-732.50
-56	1576.46	-762.77
-56	1632.58	-792.95
-56	1688.71	-823.05
-56	1744.83	-853.14
-56	1800.96	-883.23
-56	1857.08	-913.24
-56	1913.20	-943.16
-56	1969.33	-973.16
-56	2025.45	-1003.08
-56	2081.57	-1033.00
-56	2137.70	-1062.92
-56	2193.82	-1092.84
-56	2249.94	-1122.67
-56	2306.07	-1152.51
-56	2362.19	-1182.34
-56	2418.31	-1212.17
-56	2474.44	-1242.00
-56	2530.56	-1271.84
-56	2586.69	-1301.58
-56	2642.81	-1331.41
-56	2698.93	-1361.16
-56	2755.06	-1390.99
-56	2811.18	-1420.74
-56	2867.30	-1450.48
-56	2923.43	-1480.23
-56	2979.55	-1509.97
-56	3035.67	-1539.63
-56	3091.80	-1569.38
-56	3147.92	-1599.12
-56	3204.04	-1628.78
-56	3260.17	-1658.53
-56	3316.29	-1688.27
-56	3372.42	-1717.93
-56	3428.54	-1747.68
-56	3484.66	-1777.34
-56	3540.79	-1807.08
-56	3596.91	-1836.74
-56	3653.03	-1866.40
-56	3709.16	-1896.06
-56	3765.28	-1925.80
-56	3821.40	-1955.46
-56	3877.53	-1985.12
-56	3933.65	-2014.78
-56	3989.78	-2044.52
-56	4045.90	-2074.18
-56	4102.02	-2103.84
-56	4158.15	-2133.50
-56	4214.27	-2163.16
-56	4270.39	-2192.82
-56	4326.52	-2222.47
-56	4382.64	-2252.13
-56	4438.76	-2281.79
-56	4494.89	-2311.36
-56	4551.01	-2341.02
-56	4607.13	-2370.68
-56	4663.26	-2400.34
-56	4719.38	-2430.00
-56	4775.51	-2459.66
-56	4831.63	-2489.23
-56	4887.75	-2518.89
-56	4943.88	-2548.54
-56	5000.00	-2571.68
-51	5.00	0.00
-51	61.12	0.00
-51	117.25	0.00
-51	173.37	-0.17
-51	229.49	-8.61
-51	285.62	-29.05
-51	341.74	-59.84
-51	397.87	-96.98
-51	453.99	-134.90
-51	510.11	-171.08
-51	566.24	-206.65
-51	622.36	-241.70
-51	678.48	-276.15
-51	734.61	-310.15
-51	790.73	-343.73
-51	846.85	-376.95
-51	902.98	-409.91
-51	959.10	-442.53
-51	1015.22	-474.97
-51	1071.35	-507.33
-51	1127.47	-539.42
-51	1183.60	-571.34
-51	1239.72	-603.26
-51	1295.84	-635.01
-51	1351.97	-666.66
-51	1408.09	-698.24
-51	1464.21	-729.72
-51	1520.34	-761.21
-51	1576.46	-792.60
-51	1632.58	-824.00
-51	1688.71	-855.31
-51	1744.83	-886.62
-51	1800.96	-917.85
-51	1857.08	-949.07
-51	1913.20	-980.30
-51	1969.33	-1011.43
-51	2025.45	-1042.57
-51	2081.57	-1073.71
-51	2137.70	-1104.84
-51	2193.82	-1135.89
-51	2249.94	-1167.03
-51	2306.07	-1198.08
-51	2362.19	-1229.13
-51	2418.31	-1260.18
-51	2474.44	-1291.23
-51	2530.56	-1322.20
-51	2586.69	-1353.25
-51	2642.81	-1384.21
-51	2698.93	-1415.17
-51	2755.06	-1446.22
-51	2811.18	-1477.19
-51	2867.30	-1508.15
-51	2923.43	-1539.11
-51	2979.55	-1570.07
-51	3035.67	-1601.04
-51	3091.80	-1632.00
-51	3147.92	-1662.96
-51	3204.04	-1693.84
-51	3260.17	-1724.80
-51	3316.29	-1755.68
-51	3372.42	-1786.64
-51	3428.54	-1817.61
-51	3484.66	-1848.48
-51	3540.79	-1879.44
-51	3596.91	-1910.41
-51	3653.03	-1941.28
-51	3709.16	-1972.16
-51	3765.28	-2003.04
-51	3821.40	-2034.00
-51	3877.53	-2064.88
-51	3933.65	-2095.75
-51	3989.78	-2126.63
-51	4045.90	-2157.50
-51	4102.02	-2188.38
-51	4158.15	-2219.34
-51	4214.27	-2250.22
-51	4270.39	-2281.10
-51	4326.52	-2311.97
-51	4382.64	-2342.85
-51	4438.76	-2373.72
-51	4494.89	-2404.60
-51	4551.01	-2435.48
-51	4607.13	-2466.35
-51	4663.26	-2497.23
-51	4719.38	-2528.11
-51	4775.51	-2558.98
-51	4831.63	-2589.86
-51	4887.75	-2620.65
-51	4943.88	-2635.87
-51	5000.00	-2682.40
-46	5.00	0.00
-46	61.12	0.00
-46	117.25	0.00
-46	173.37	-0.61
-46	229.49	-10.96
-46	285.62	-33.31
-46	341.74	-64.97
-46	397.87	-103.67
-46	453.99	-142.81
-46	510.11	-180.13
-46	566.24	-216.83
-46	622.36	-252.92
-46	678.48	-288.50
-46	734.61	-323.63
-46	790.73	-358.34
-46	846.85	-392.78
-46	902.98	-426.87
-46	959.10	-460.71
-46	1015.22	-494.37
-46	1071.35	-527.85
-46	1127.47	-561.16
-46	1183.60	-594.39
-46	1239.72	-627.44
-46	1295.84	-660.49
-46	1351.97	-693.37
-46	1408.09	-726.24
-46	1464.21	-758.94
-46	1520.34	-791.73
-46	1576.46	-824.35
-46	1632.58	-856.97
-46	1688.71	-889.58
-46	1744.83	-922.11
-46	1800.96	-954.64
-46	1857.08	-987.17
-46	1913.20	-1019.61
-46	1969.33	-1052.05
-46	2025.45	-1084.49
-46	2081.57	-1116.93
-46	2137.70	-1149.29
-46	2193.82	-1181.73
-46	2249.94	-1214.09
-46	2306.07	-1246.44
-46	2362.19	-1278.71
-46	2418.31	-1311.06
-46	2474.44	-1343.42
-46	2530.56	-1375.69
-46	2586.69	-1407.95
-46	2642.81	-1440.31
-46	2698.93	-1472.58
-46	2755.06	-1504.84
-46	2811.18	-1537.11
-46	2867.30	-1569.38
-46	2923.43	-1601.65
-46	2979.55	-1633.91
-46	3035.67	-1666.18
-46	3091.80	-1698.36
-46	3147.92	-1730.63
-46	3204.04	-1762.81
-46	3260.17	-1795.08
-46	3316.29	-1827.26
-46	3372.42	-1859.53
-46	3428.54	-1891.71
-46	3484.66	-1923.89
-46	3540.79	-1956.16
-46	3596.91	-1988.34
-46	3653.03	-2020.52
-46	3709.16	-2052.70
-46	3765.28	-2084.97
-46	3821.40	-2117.15
-46	3877.53	-2149.33
-46	3933.65	-2181.51
-46	3989.78	-2213.78
-46	4045.90	-2245.96
-46	4102.02	-2278.14
-46	4158.15	-2310.32
-46	4214.27	-2342.50
-46	4270.39	-2374.68
-46	4326.52	-2406.86
-46	4382.64	-2439.04
-46	4438.76	-2471.22
-46	4494.89	-2503.40
-46	4551.01	-2535.50
-46	4607.13	-2567.68
-46	4663.26	-2597.16
-46	4719.38	-2632.04
-46	4775.51	-2664.13
-46	4831.63	-2696.32
-46	4887.75	-2728.50
-46	4943.88	-2760.68
-46	5000.00	-2792.77
-41	5.00	0.00
-41	61.12	0.00
-41	117.25	0.00
-41	173.37	-1.39
-41	229.49	-14.00
-41	285.62	-38.44
-41	341.74	-70.97
-41	397.87	-110.37
-41	453.99	-151.16
-41	510.11	-189.69
-41	566.24	-227.61
-41	622.36	-264.93
-41	678.48	-301.72
-41	734.61	-337.99
-41	790.73	-373.99
-41	846.85	-409.65
-41	902.98	-444.96
-41	959.10	-480.10
-41	1015.22	-514.98
-41	1071.35	-549.77
-41	1127.47	-584.39
-41	1183.60	-618.91
-41	1239.72	-653.27
-41	1295.84	-687.63
-41	1351.97	-721.81
-41	1408.09	-755.99
-41	1464.21	-790.08
-41	1520.34	-824.18
-41	1576.46	-858.18
-41	1632.58	-892.10
-41	1688.71	-926.11
-41	1744.83	-959.94
-41	1800.96	-993.86
-41	1857.08	-1027.70
-41	1913.20	-1061.53
-41	1969.33	-1095.36
-41	2025.45	-1129.11
-41	2081.57	-1162.86
-41	2137.70	-1196.60
-41	2193.82	-1230.35
-41	2249.94	-1264.10
-41	2306.07	-1297.84
-41	2362.19	-1331.50
-41	2418.31	-1365.16
-41	2474.44	-1398.82
-41	2530.56	-1432.57
-41	2586.69	-1466.23
-41	2642.81	-1499.89
-41	2698.93	-1533.54
-41	2755.06	-1567.12
-41	2811.18	-1600.78
-41	2867.30	-1634.44
-41	2923.43	-1668.01
-41	2979.55	-1701.67
-41	3035.67	-1735.24
-41	3091.80	-1768.90
-41	3147.92	-1802.47
-41	3204.04	-1836.04
-41	3260.17	-1869.62
-41	3316.29	-1903.28
-41	3372.42	-1936.85
-41	3428.54	-1970.42
-41	3484.66	-2003.99
-41	3540.79	-2037.57
-41	3596.91	-2071.14
-41	3653.03	-2104.71
-41	3709.16	-2138.28
-41	3765.28	-2171.86
-41	3821.40	-2205.43
-41	3877.53	-2239.00
-41	3933.65	-2272.57
-41	3989.78	-2306.14
-41	4045.90	-2339.63
-41	4102.02	-2373.20
-41	4158.15	-2406.77
-41	4214.27	-2440.35
-41	4270.39	-2473.92
-41	4326.52	-2507.49
-41	4382.64	-2541.06
-41	4438.76	-2571.68
-41	4494.89	-2597.16
-41	4551.01	-2635.87
-41	4607.13	-2675.27
-41	4663.26	-2708.84
-41	4719.38	-2742.32
-41	4775.51	-2775.81
-41	4831.63	-2809.38
-41	4887.75	-2842.87
-41	4943.88	-2849.91
-41	5000.00	-2849.91
-36	5.00	0.00
-36	61.12	0.00
-36	117.25	0.00
-36	173.37	-2.87
-36	229.49	-17.22
-36	285.62	-43.31
-36	341.74	-77.67
-36	397.87	-117.33
-36	453.99	-160.21
-36	510.11	-199.96
-36	566.24	-239.09
-36	622.36	-277.71
-36	678.48	-315.72
-36	734.61	-353.38
-36	790.73	-390.69
-36	846.85	-427.57
-36	902.98	-464.27
-36	959.10	-500.80
-36	1015.22	-537.07
-36	1071.35	-573.17
-36	1127.47	-609.17
-36	1183.60	-645.09
-36	1239.72	-680.84
-36	1295.84	-716.59
-36	1351.97	-752.25
-36	1408.09	-787.82
-36	1464.21	-823.31
-36	1520.34	-858.79
-36	1576.46	-894.28
-36	1632.58	-929.59
-36	1688.71	-964.99
-36	1744.83	-1000.30
-36	1800.96	-1035.61
-36	1857.08	-1070.92
-36	1913.20	-1106.15
-36	1969.33	-1141.46
-36	2025.45	-1176.60
-36	2081.57	-1211.82
-36	2137.70	-1247.05
-36	2193.82	-1282.19
-36	2249.94	-1317.41
-36	2306.07	-1352.55
-36	2362.19	-1387.69
-36	2418.31	-1422.83
-36	2474.44	-1457.96
-36	2530.56	-1493.10
-36	2586.69	-1528.15
-36	2642.81	-1563.29
-36	2698.93	-1598.34
-36	2755.06	-1633.48
-36	2811.18	-1668.53
-36	2867.30	-1703.58
-36	2923.43	-1738.72
-36	2979.55	-1773.77
-36	3035.67	-1808.82
-36	3091.80	-1843.87
-36	3147.92	-1878.92
-36	3204.04	-1914.06
-36	3260.17	-1949.02
-36	3316.29	-1984.08
-36	3372.42	-2019.13
-36	3428.54	-2054.09
-36	3484.66	-2089.14
-36	3540.79	-2124.19
-36	3596.91	-2159.24
-36	3653.03	-2194.21
-36	3709.16	-2229.26
-36	3765.28	-2264.31
-36	3821.40	-2299.36
-36	3877.53	-2334.32
-36	3933.65	-2369.38
-36	3989.78	-2404.34
-36	4045.90	-2439.39
-36	4102.02	-2474.35
-36	4158.15	-2509.41
-36	4214.27	-2544.37
-36	4270.39	-2571.68
-36	4326.52	-2614.38
-36	4382.64	-2635.87
-36	4438.76	-2684.40
-36	4494.89	-2719.36
-36	4551.01	-2754.41
-36	4607.13	-2789.38
-36	4663.26	-2824.34
-36	4719.38	-2849.91
-36	4775.51	-2849.91
-36	4831.63	-2849.91
-36	4887.75	-2849.91
-36	4943.88	-2849.91
-36	5000.00	-2849.91
-30	5.00	0.00
-30	61.12	0.00
-30	117.25	0.00
-30	173.37	-4.35
-30	229.49	-21.22
-30	285.62	-49.05
-30	341.74	-84.97
-30	397.87	-125.07
-30	453.99	-169.25
-30	510.11	-210.91
-30	566.24	-251.45
-30	622.36	-291.37
-30	678.48	-330.77
-30	734.61	-369.82
-30	790.73	-408.52
-30	846.85	-446.88
-30	902.98	-484.97
-30	959.10	-522.89
-30	1015.22	-560.64
-30	1071.35	-598.30
-30	1127.47	-635.70
-30	1183.60	-673.10
-30	1239.72	-710.41
-30	1295.84	-747.64
-30	1351.97	-784.78
-30	1408.09	-821.83
-30	1464.21	-858.88
-30	1520.34	-895.84
-30	1576.46	-932.81
-30	1632.58	-969.69
-30	1688.71	-1006.56
-30	1744.83	-1043.44
-30	1800.96	-1080.23
-30	1857.08	-1117.11
-30	1913.20	-1153.90
-30	1969.33	-1190.60
-30	2025.45	-1227.39
-30	2081.57	-1264.10
-30	2137.70	-1300.89
-30	2193.82	-1337.59
-30	2249.94	-1374.29
-30	2306.07	-1410.91
-30	2362.19	-1447.61
-30	2418.31	-1484.32
-30	2474.44	-1521.02
-30	2530.56	-1557.64
-30	2586.69	-1594.25
-30	2642.81	-1630.87
-30	2698.93	-1667.57
-30	2755.06	-1704.19
-30	2811.18	-1740.81
-30	2867.30	-1777.42
-30	2923.43	-1814.04
-30	2979.55	-1850.66
-30	3035.67	-1887.27
-30	3091.80	-1923.80
-30	3147.92	-1960.42
-30	3204.04	-1997.04
-30	3260.17	-2033.65
-30	3316.29	-2070.18
-30	3372.42	-2106.80
-30	3428.54	-2143.33
-30	3484.66	-2179.94
-30	3540.79	-2216.47
-30	3596.91	-2253.09
-30	3653.03	-2289.62
-30	3709.16	-2326.15
-30	3765.28	-2362.77
-30	3821.40	-2399.30
-30	3877.53	-2435.91
-30	3933.65	-2472.44
-30	3989.78	-2509.06
-30	4045.90	-2545.59
-30	4102.02	-2582.12
-30	4158.15	-2618.65
-30	4214.27	-2635.87
-30	4270.39	-2691.79
-30	4326.52	-2728.32
-30	4382.64	-2764.85
-30	4438.76	-2801.38
-30	4494.89	-2837.91
-30	4551.01	-2849.91
-30	4607.13	-2849.91
-30	4663.26	-2849.91
-30	4719.38	-2849.91
-30	4775.51	-2849.91
-30	4831.63	-2849.91
-30	4887.75	-2849.91
-30	4943.88	-2849.91
-30	5000.00	-2849.91
-25	5.00	0.00
-25	61.12	0.00
-25	117.25	0.00
-25	173.37	-6.70
-25	229.49	-25.74
-25	285.62	-55.06
-25	341.74	-91.93
-25	397.87	-133.51
-25	453.99	-178.04
-25	510.11	-222.66
-25	566.24	-264.67
-25	622.36	-306.07
-25	678.48	-346.94
-25	734.61	-387.47
-25	790.73	-427.66
-25	846.85	-467.49
-25	902.98	-507.15
-25	959.10	-546.64
-25	1015.22	-585.95
-25	1071.35	-625.18
-25	1127.47	-664.23
-25	1183.60	-703.19
-25	1239.72	-741.98
-25	1295.84	-780.86
-25	1351.97	-819.57
-25	1408.09	-858.27
-25	1464.21	-896.89
-25	1520.34	-935.50
-25	1576.46	-974.12
-25	1632.58	-1012.65
-25	1688.71	-1051.09
-25	1744.83	-1089.62
-25	1800.96	-1128.07
-25	1857.08	-1166.51
-25	1913.20	-1204.87
-25	1969.33	-1243.31
-25	2025.45	-1281.67
-25	2081.57	-1320.11
-25	2137.70	-1358.46
-25	2193.82	-1396.73
-25	2249.94	-1435.09
-25	2306.07	-1473.45
-25	2362.19	-1511.71
-25	2418.31	-1550.07
-25	2474.44	-1588.34
-25	2530.56	-1626.61
-25	2586.69	-1664.96
-25	2642.81	-1703.23
-25	2698.93	-1741.50
-25	2755.06	-1779.77
-25	2811.18	-1818.04
-25	2867.30	-1856.22
-25	2923.43	-1894.49
-25	2979.55	-1932.76
-25	3035.67	-1971.03
-25	3091.80	-2009.30
-25	3147.92	-2047.48
-25	3204.04	-2085.75
-25	3260.17	-2123.93
-25	3316.29	-2162.20
-25	3372.42	-2200.38
-25	3428.54	-2238.65
-25	3484.66	-2276.83
-25	3540.79	-2315.02
-25	3596.91	-2353.29
-25	3653.03	-2391.47
-25	3709.16	-2429.74
-25	3765.28	-2467.92
-25	3821.40	-2506.10
-25	3877.53	-2544.37
-25	3933.65	-2582.55
-25	3989.78	-2620.73
-25	4045.90	-2635.87
-25	4102.02	-2697.10
-25	4158.15	-2735.28
-25	4214.27	-2773.46
-25	4270.39	-2811.64
-25	4326.52	-2849.91
-25	4382.64	-2849.91
-25	4438.76	-2849.91
-25	4494.89	-2849.91
-25	4551.01	-2849.91
-25	4607.13	-2849.91
-25	4663.26	-2849.91
-25	4719.38	-2849.91
-25	4775.51	-2849.91
-25	4831.63	-2849.91
-25	4887.75	-2849.91
-25	4943.88	-2849.91
-25	5000.00	-2849.91
-20	5.00	0.00
-20	61.12	0.00
-20	117.25	-0.26
-20	173.37	-9.83
-20	229.49	-31.22
-20	285.62	-62.45
-20	341.74	-101.67
-20	397.87	-144.73
-20	453.99	-187.78
-20	510.11	-234.31
-20	566.24	-278.84
-20	622.36	-321.81
-20	678.48	-364.34
-20	734.61	-406.43
-20	790.73	-448.18
-20	846.85	-489.76
-20	902.98	-531.07
-20	959.10	-572.21
-20	1015.22	-613.17
-20	1071.35	-654.05
-20	1127.47	-694.76
-20	1183.60	-735.46
-20	1239.72	-775.99
-20	1295.84	-816.52
-20	1351.97	-856.97
-20	1408.09	-897.41
-20	1464.21	-937.77
-20	1520.34	-978.12
-20	1576.46	-1018.39
-20	1632.58	-1058.66
-20	1688.71	-1098.93
-20	1744.83	-1139.11
-20	1800.96	-1179.30
-20	1857.08	-1219.48
-20	1913.20	-1259.66
-20	1969.33	-1299.76
-20	2025.45	-1339.94
-20	2081.57	-1380.03
-20	2137.70	-1420.13
-20	2193.82	-1460.22
-20	2249.94	-1500.32
-20	2306.07	-1540.42
-20	2362.19	-1580.51
-20	2418.31	-1620.52
-20	2474.44	-1660.53
-20	2530.56	-1700.62
-20	2586.69	-1740.63
-20	2642.81	-1780.64
-20	2698.93	-1820.65
-20	2755.06	-1860.66
-20	2811.18	-1900.67
-20	2867.30	-1940.68
-20	2923.43	-1980.77
-20	2979.55	-2020.78
-20	3035.67	-2060.70
-20	3091.80	-2100.80
-20	3147.92	-2140.81
-20	3204.04	-2180.73
-20	3260.17	-2220.74
-20	3316.29	-2260.66
-20	3372.42	-2300.67
-20	3428.54	-2340.59
-20	3484.66	-2380.60
-20	3540.79	-2420.52
-20	3596.91	-2460.53
-20	3653.03	-2500.45
-20	3709.16	-2537.41
-20	3765.28	-2580.38
-20	3821.40	-2620.39
-20	3877.53	-2635.87
-20	3933.65	-2700.32
-20	3989.78	-2740.24
-20	4045.90	-2780.25
-20	4102.02	-2820.17
-20	4158.15	-2849.91
-20	4214.27	-2849.91
-20	4270.39	-2849.91
-20	4326.52	-2849.91
-20	4382.64	-2849.91
-20	4438.76	-2849.91
-20	4494.89	-2849.91
-20	4551.01	-2849.91
-20	4607.13	-2849.91
-20	4663.26	-2849.91
-20	4719.38	-2849.91
-20	4775.51	-2849.91
-20	4831.63	-2849.91
-20	4887.75	-2849.91
-20	4943.88	-2849.91
-20	5000.00	-2849.91
-15	5.00	0.00
-15	61.12	0.00
-15	117.25	-1.39
-15	173.37	-13.83
-15	229.49	-37.83
-15	285.62	-70.71
-15	341.74	-110.28
-15	397.87	-153.51
-15	453.99	-199.00
-15	510.11	-245.44
-15	566.24	-292.76
-15	622.36	-338.16
-15	678.48	-382.60
-15	734.61	-426.87
-15	790.73	-470.45
-15	846.85	-513.67
-15	902.98	-556.81
-15	959.10	-599.69
-15	1015.22	-642.49
-15	1071.35	-685.19
-15	1127.47	-727.72
-15	1183.60	-770.25
-15	1239.72	-812.70
-15	1295.84	-854.97
-15	1351.97	-897.32
-15	1408.09	-939.59
-15	1464.21	-981.77
-15	1520.34	-1023.96
-15	1576.46	-1066.14
-15	1632.58	-1108.24
-15	1688.71	-1150.33
-15	1744.83	-1192.43
-15	1800.96	-1234.44
-15	1857.08	-1276.53
-15	1913.20	-1318.54
-15	1969.33	-1360.55
-15	2025.45	-1402.56
-15	2081.57	-1444.48
-15	2137.70	-1486.49
-15	2193.82	-1528.41
-15	2249.94	-1570.42
-15	2306.07	-1612.34
-15	2362.19	-1654.27
-15	2418.31	-1696.19
-15	2474.44	-1738.11
-15	2530.56	-1780.03
-15	2586.69	-1821.95
-15	2642.81	-1863.88
-15	2698.93	-1905.71
-15	2755.06	-1947.63
-15	2811.18	-1989.56
-15	2867.30	-2031.39
-15	2923.43	-2073.31
-15	2979.55	-2115.15
-15	3035.67	-2157.07
-15	3091.80	-2198.99
-15	3147.92	-2240.83
-15	3204.04	-2282.75
-15	3260.17	-2324.58
-15	3316.29	-2366.42
-15	3372.42	-2408.25
-15	3428.54	-2450.09
-15	3484.66	-2491.92
-15	3540.79	-2533.76
-15	3596.91	-2571.68
-15	3653.03	-2617.43
-15	3709.16	-2635.87
-15	3765.28	-2701.10
-15	3821.40	-2742.93
-15	3877.53	-2784.86
-15	3933.65	-2826.69
-15	3989.78	-2849.91
-15	4045.90	-2849.91
-15	4102.02	-2849.91
-15	4158.15	-2849.91
-15	4214.27	-2849.91
-15	4270.39	-2849.91
-15	4326.52	-2849.91
-15	4382.64	-2849.91
-15	4438.76	-2849.91
-15	4494.89	-2849.91
-15	4551.01	-2849.91
-15	4607.13	-2849.91
-15	4663.26	-2849.91
-15	4719.38	-2849.91
-15	4775.51	-2849.91
-15	4831.63	-2849.91
-15	4887.75	-2849.91
-15	4943.88	-2849.91
-15	5000.00	-2849.91
-10	5.00	0.00
-10	61.12	0.00
-10	117.25	-3.48
-10	173.37	-19.40
-10	229.49	-46.88
-10	285.62	-80.80
-10	341.74	-121.33
-10	397.87	-165.17
-10	453.99	-211.26
-10	510.11	-258.06
-10	566.24	-305.72
-10	622.36	-353.47
-10	678.48	-401.56
-10	734.61	-448.18
-10	790.73	-493.50
-10	846.85	-538.64
-10	902.98	-583.78
-10	959.10	-628.40
-10	1015.22	-672.93
-10	1071.35	-717.54
-10	1127.47	-762.08
-10	1183.60	-806.61
-10	1239.72	-851.14
-10	1295.84	-895.67
-10	1351.97	-940.20
-10	1408.09	-984.73
-10	1464.21	-1029.26
-10	1520.34	-1073.45
-10	1576.46	-1117.63
-10	1632.58	-1161.73
-10	1688.71	-1205.82
-10	1744.83	-1249.92
-10	1800.96	-1293.93
-10	1857.08	-1338.02
-10	1913.20	-1382.03
-10	1969.33	-1426.04
-10	2025.45	-1470.05
-10	2081.57	-1514.06
-10	2137.70	-1557.98
-10	2193.82	-1601.99
-10	2249.94	-1645.92
-10	2306.07	-1689.84
-10	2362.19	-1733.85
-10	2418.31	-1777.77
-10	2474.44	-1821.69
-10	2530.56	-1865.62
-10	2586.69	-1909.54
-10	2642.81	-1953.46
-10	2698.93	-1997.38
-10	2755.06	-2041.31
-10	2811.18	-2085.14
-10	2867.30	-2129.06
-10	2923.43	-2172.99
-10	2979.55	-2216.91
-10	3035.67	-2260.83
-10	3091.80	-2304.67
-10	3147.92	-2348.59
-10	3204.04	-2392.51
-10	3260.17	-2436.35
-10	3316.29	-2480.18
-10	3372.42	-2524.10
-10	3428.54	-2567.94
-10	3484.66	-2611.78
-10	3540.79	-2635.87
-10	3596.91	-2699.45
-10	3653.03	-2743.37
-10	3709.16	-2787.20
-10	3765.28	-2831.04
-10	3821.40	-2849.91
-10	3877.53	-2849.91
-10	3933.65	-2849.91
-10	3989.78	-2849.91
-10	4045.90	-2849.91
-10	4102.02	-2849.91
-10	4158.15	-2849.91
-10	4214.27	-2849.91
-10	4270.39	-2849.91
-10	4326.52	-2849.91
-10	4382.64	-2849.91
-10	4438.76	-2849.91
-10	4494.89	-2849.91
-10	4551.01	-2849.91
-10	4607.13	-2849.91
-10	4663.26	-2849.91
-10	4719.38	-2849.91
-10	4775.51	-2849.91
-10	4831.63	-2849.91
-10	4887.75	-2849.91
-10	4943.88	-2849.91
-10	5000.00	-2849.91
